c(2499, 2501, 2502, 2505)
c(2151, 2498, 2508, 2509)
c(6, 11, 14, 15)
c(7, 12, 13, 818, 2305, 2316)
c(8, 1526, 2309, 2468, 2470, 2473, 2648)
c(3, 14, 15, 768, 770, 772, 806, 1528)
c(4, 10, 12, 18, 23, 2305, 2316)
c(5, 818, 1526, 1882, 1886, 2305, 2357, 2450, 2470, 2473)
c(2305, 2316, 2355, 2357, 2451, 2506)
c(7, 12, 18, 22, 96, 184)
c(3, 13, 14, 15, 818, 1526)
c(4, 7, 10, 13, 14, 22, 1664, 1679)
c(4, 11, 12, 14, 818)
c(3, 6, 11, 12, 13, 768, 769, 1679)
c(3, 6, 11, 806, 807, 1526, 1527)
c(450, 465, 1160, 2340, 2420, 2424, 2437)
c(20, 411, 2288, 2296, 2297)
c(7, 10, 23, 184)
c(411, 2288, 2289, 2297, 2303, 2306, 2318)
c(17, 411, 528, 2296, 2301, 2314)
c(23, 71, 184, 1531, 1539, 1541, 2319)
c(10, 12, 81, 96, 813, 1664)
c(7, 18, 21, 184, 2316, 2319)
c(25, 1547, 1548, 1558)
c(24, 2468)
c(29, 2152, 2421, 2424)
c(30, 2152, 2433)
c(2418, 2422, 2423, 2436)
c(26, 454, 2421, 2424)
c(27, 2152, 2153, 2416, 2423, 2425, 2429, 2433)
c(1928, 1933, 2137, 2150, 2154, 2156, 2157)
c()
c(1577)
c(35, 1140, 1167, 1170, 1557, 1670, 2629)
c(34, 1140, 1552, 1557, 1560)
c(37, 554, 1549, 1552, 1559)
c(36, 554, 1549)
c(1851, 1853)
c(1578, 1624, 1847)
c(707, 716, 1271, 1317, 1519, 1866, 1876)
c(63, 693, 725, 1266, 1626, 1866, 2018, 2082, 2084)
c(1550, 1553, 2629)
c(553, 554, 1558, 2308, 2468, 2469)
c(657, 711, 726, 727, 766, 767, 1854)
c(62, 653, 700, 1271, 1312, 1862, 1877)
c(53, 62, 63, 653, 654, 709, 715)
c(52, 653, 693, 700, 725, 1271, 1317)
c(50, 631, 636, 637, 765, 1512, 1623)
c(60, 647, 717, 722, 746, 759, 1516)
c(48, 727, 1278, 1512, 1623, 1854, 1855)
c(726, 762, 763, 1278, 1854, 1857)
c(47, 653, 654, 725)
c(46, 644, 659, 709, 715, 730)
c(56, 645, 717, 745, 1313, 1507, 1518)
c(58, 655, 754)
c(54, 645, 745, 1264, 1313)
c(645, 655, 745, 754)
c(55, 60, 655, 718, 746, 754)
c(719, 736, 738, 744, 761, 1508, 1511)
c(49, 58, 61, 711, 718, 746, 759)
c(60, 711, 718, 731, 759, 1857)
c(45, 46, 653, 715, 1513, 1517, 1530, 1862)
c(41, 46, 654, 709, 725, 2084, 2085)
c(2136, 2146, 2148, 2474, 2477, 2479, 2488)
c(182, 466, 467, 481, 516, 1904, 1908)
c(82, 83, 85, 93, 2462, 2464)
c(69, 73, 79, 152, 153, 154, 174, 205, 206, 1817)
c(79, 82, 83, 88, 1814, 1817, 1917)
c(67, 73, 79, 1817)
c(72, 181, 185, 2463, 2464)
c(21, 87, 184, 1539, 1795)
c(70, 181, 185, 220, 222, 227)
c(67, 69, 206, 245, 1817, 1820, 1965)
c(75, 76, 79, 93, 127, 144, 154)
c(74, 76, 85, 86, 93, 144)
c(74, 75, 79, 83, 93)
c(91, 100, 199, 212, 2212)
c(82, 88, 1644)
c(67, 68, 69, 74, 76, 83, 154, 1817)
c(91, 182, 308, 404, 406, 466, 2212, 2214)
c(22, 96, 184)
c(66, 68, 78, 83, 88, 2464)
c(66, 68, 76, 79, 82, 88, 93)
c(101, 166, 175, 190, 202, 203)
c(66, 75, 86, 93, 1950, 2471)
c(75, 85, 144, 181, 227, 230, 244, 2471)
c(71, 184, 813, 1786, 1795)
c(68, 78, 82, 83)
c(94, 95, 102, 104, 466, 467, 479)
c(103, 476, 478, 486, 1887, 2674)
c(77, 80, 99, 100, 104, 466, 2212)
c(110, 111, 475, 477, 480, 486)
c(66, 74, 75, 76, 83, 85)
c(89, 95, 98, 102, 190, 302, 305)
c(89, 94, 98, 104, 466)
c(10, 22, 81, 184, 813)
c(102, 103, 478)
c(94, 95, 99, 104, 305, 379, 384, 498)
c(91, 98, 100, 104, 384)
c(77, 91, 99, 199, 384, 501, 2212)
c(84, 102, 103, 166, 190, 198, 201)
c(89, 94, 97, 101, 103, 190, 478, 479, 1887)
c(90, 97, 101, 102, 190, 201, 478, 2674)
c(89, 91, 95, 98, 99, 466)
c(120, 122, 124, 641)
c(119, 120, 121, 123, 315, 535, 548, 641, 1152, 1770, 2676)
c(247, 1701, 1820, 1917)
c(109, 247, 282, 297, 1820)
c(108, 208, 246, 282, 1820)
c(92, 111, 112, 486, 487)
c(92, 110, 112, 480)
c(110, 111, 480, 481, 487)
c(121, 123, 124, 125)
c(115, 116, 117, 1923, 1936)
c(114, 116, 118, 122, 643)
c(114, 115, 118, 753, 1936)
c(114, 1915, 1923)
c(115, 116, 643, 753, 1949)
c(106, 120, 123)
c(105, 106, 119, 123, 124, 641)
c(106, 113, 123, 125, 315, 485)
c(105, 115, 124, 641, 643)
c(106, 113, 119, 120, 121, 124, 125)
c(105, 113, 120, 122, 123)
c(113, 121, 123, 485)
c(139, 141, 197, 382, 383, 398, 496, 776)
c(74, 144, 145, 146, 154)
c(129, 133, 134, 135, 137, 147, 149, 155, 248, 1816)
c(128, 132, 137, 138, 155)
c(131, 132, 155, 156, 234, 235)
c(130, 132, 156, 697, 704, 779)
c(129, 130, 131, 138, 155, 704)
c(128, 137, 208, 245, 246, 248)
c(128, 146, 147, 148, 149, 221, 242)
c(128, 147, 153, 248)
c(137, 138, 246, 781)
c(128, 129, 133, 136, 138, 246)
c(129, 132, 136, 137, 704, 781)
c(126, 141, 398, 496, 696, 776, 1418)
c(157, 194, 195, 380, 777, 778)
c(126, 139, 194, 382, 776, 778)
c(156, 157, 213, 235, 432)
c(158, 159, 164, 167, 168, 169, 173)
c(74, 75, 86, 127, 145, 146, 244)
c(127, 144, 146, 229, 244, 1815)
c(127, 134, 144, 145, 148, 153, 154, 242, 1815, 1952)
c(128, 134, 135, 148, 153)
c(134, 146, 147, 153)
c(128, 134, 155, 221, 241)
c(159, 163, 164, 520, 522)
c(164, 167, 423, 541, 555, 556)
c(67, 153, 154, 205)
c(67, 135, 146, 147, 148, 152, 154, 205, 248)
c(67, 74, 79, 127, 146, 152, 153)
c(128, 129, 130, 132, 149, 234, 1816)
c(130, 131, 142, 157, 235, 777, 779)
c(140, 142, 156, 195, 432, 777)
c(143, 167, 171, 173, 188, 421, 422, 555)
c(143, 150, 164, 169, 511, 512, 522)
c(161, 187, 606)
c(160, 187, 417, 552, 553, 563, 606)
c(164, 170, 541)
c(150, 164, 170, 509, 520)
c(143, 150, 151, 159, 162, 163, 167, 170, 541)
c(179, 180, 213, 236, 291, 305, 498)
c(84, 101, 198, 202, 303)
c(143, 151, 158, 164, 173, 555)
c(143, 169, 173, 183)
c(143, 159, 168, 512)
c(162, 163, 164, 509, 541, 556)
c(158, 172, 188, 421, 422)
c(171, 188, 421, 549, 564, 1552)
c(143, 158, 167, 168, 183, 188)
c(67, 205, 206)
c(84, 176, 177, 202, 203, 290, 303, 304)
c(175, 177, 189, 203, 204, 290, 292)
c(175, 176, 189, 203)
c(179, 180, 214, 233, 243)
c(165, 178, 180, 236, 243)
c(165, 178, 179, 214, 290, 291, 301)
c(70, 72, 86, 227, 230, 2463, 2471)
c(65, 80, 406, 466, 1904)
c(168, 173, 188, 612)
c(10, 18, 21, 23, 71, 81, 87, 96, 813)
c(70, 72, 264, 2464)
c(187, 606, 607, 612)
c(160, 161, 186, 606, 607)
c(158, 171, 172, 173, 183, 549, 607, 612)
c(176, 177, 190, 203, 204, 292, 302)
c(84, 94, 101, 102, 103, 189, 203, 302)
c(207, 210, 212, 311, 2208)
c(427, 458, 2484, 2486, 2489, 2496)
c(211, 226, 388, 395, 427, 2210, 2484, 2489)
c(140, 141, 195, 380, 382, 778)
c(140, 157, 194, 380, 418, 432, 433)
c(298, 306, 307, 312, 2208)
c(126, 210, 212, 382, 383, 398, 500, 501)
c(101, 166, 200, 201, 202, 303, 2674)
c(77, 100, 212, 500, 501)
c(198, 215, 216, 224, 303, 2674)
c(101, 103, 198, 2674)
c(84, 166, 175, 198, 303)
c(84, 175, 176, 177, 189, 190)
c(176, 189, 292)
c(67, 152, 153, 174, 206, 245, 248)
c(67, 73, 174, 205, 245)
c(191, 210, 211, 311, 408)
c(109, 133, 245, 246, 1820)
c(214, 216, 217, 218, 301)
c(191, 197, 207, 212, 398, 399, 408)
c(193, 207, 225, 226, 311, 388, 389, 395, 408, 427)
c(77, 191, 197, 199, 210, 500, 2201, 2208, 2211, 2212)
c(142, 165, 235, 236, 305, 432, 498)
c(178, 180, 209, 217, 233, 290, 301)
c(200, 222, 223, 224)
c(200, 209, 218, 219, 224, 301, 303, 304)
c(209, 214, 218, 219, 233, 301)
c(209, 216, 217, 219)
c(216, 217, 218, 220, 222, 224, 233, 242, 1563)
c(72, 219, 222, 227, 228, 1563)
c(134, 149, 241, 242)
c(72, 215, 219, 220, 223, 224, 227)
c(215, 222, 224)
c(200, 215, 216, 219, 222, 223, 303)
c(211, 226)
c(193, 211, 225, 311, 2210, 2338, 2341)
c(72, 86, 181, 220, 222, 228, 230, 231)
c(220, 227, 231, 1563, 1815)
c(145, 230, 231, 244, 1815)
c(86, 181, 227, 229, 231, 244)
c(227, 228, 229, 230, 1815)
c(239, 884, 964, 1285, 1808)
c(178, 214, 217, 219, 242, 243, 1819, 1952)
c(130, 155, 235, 236)
c(130, 142, 156, 213, 234, 236)
c(165, 179, 213, 234, 235, 243, 1819)
c(238, 891, 909)
c(237, 891, 909, 1771, 1773)
c(232, 884, 930, 964, 1801, 1802, 1804, 1808, 1809)
c(266, 271, 890, 961, 964, 1806, 1811, 1847)
c(149, 221, 242, 1819)
c(134, 146, 219, 221, 233, 241, 1819, 1952)
c(178, 179, 233, 236, 1819)
c(86, 144, 145, 229, 230)
c(73, 133, 205, 206, 208, 248, 1820)
c(109, 133, 136, 137, 208, 282, 781)
c(107, 108, 297, 1743, 1820)
c(128, 133, 135, 153, 205, 245)
c(935, 1301, 1318)
c(267, 960)
c(678, 886, 1003, 1318, 2661)
c(1294, 1319)
c(820, 948, 1775, 2671)
c(258, 260, 2672)
c(257, 1268, 1269, 2669)
c(257, 258, 825, 949, 1280, 1304)
c(255, 256, 507)
c(254, 256)
c(853, 962, 965, 1804, 1991)
c(254, 265, 942, 2672)
c(2672)
c(265, 844, 928, 1001)
c(677, 885)
c(185, 885, 888)
c(260, 262, 844, 1275)
c(240, 271, 273, 1800, 1803, 1808, 1811)
c(250, 268, 269, 689, 960, 1285)
c(267, 884, 930, 960)
c(267, 856, 1285)
c(944, 988, 1984)
c(240, 266, 273, 961, 964, 1811)
c(821, 846, 880, 966, 1757, 1805)
c(266, 271, 964, 1808)
c(284, 286, 289, 293, 1924)
c(284, 285, 288, 747, 1207, 1219)
c(277, 278, 1082, 1084)
c(276, 278, 297, 669, 695, 1082, 1086)
c(276, 277, 281, 297, 1084)
c(280, 1073, 1784, 1789)
c(279, 281, 1073, 1789)
c(278, 280, 297, 1084, 1789)
c(108, 109, 246, 297, 695, 781)
c(294, 750, 1912, 1923, 1936)
c(274, 275, 285, 286, 288, 289, 742)
c(275, 284, 742, 1207, 1210, 1220, 1397)
c(274, 284, 287, 293, 742)
c(286, 293, 294, 740, 742)
c(275, 284, 289, 1913)
c(274, 284, 288, 1913, 1924)
c(175, 176, 180, 214, 291, 292, 301, 302, 304)
c(165, 180, 290, 292, 302, 305)
c(176, 189, 204, 290, 291, 302)
c(274, 286, 287, 294, 1912, 1924)
c(283, 287, 293, 295, 740, 750, 1912)
c(294, 296, 740, 750, 1944, 1957)
c(295, 1944, 1945, 1957)
c(108, 247, 277, 278, 281, 282, 695)
c(196, 299, 300, 307, 310, 405, 428, 429, 2208)
c(298, 300, 429, 431)
c(298, 299, 307, 429, 430, 431, 440, 2228)
c(180, 209, 214, 216, 217, 290, 303, 304)
c(94, 189, 190, 290, 291, 292, 305)
c(166, 175, 198, 200, 202, 216, 224, 301, 304)
c(175, 216, 290, 301, 303)
c(94, 98, 165, 213, 291, 302, 498)
c(196, 307, 311, 312, 2109, 2338)
c(196, 298, 300, 306, 1879, 2109, 2228)
c(80, 313, 404, 406, 1902)
c(310, 404, 2211, 2213)
c(298, 309, 404, 405, 2208, 2211)
c(191, 207, 211, 226, 306, 312, 2208, 2338)
c(196, 306, 311, 2208)
c(308, 404, 405, 407, 428, 517, 1902)
c(1821, 1823, 1826, 1966)
c(106, 121, 329, 485, 535, 1823, 1825, 1834)
c(317, 318, 328, 1241, 1242, 1259)
c(316, 318, 319, 1240, 1245, 1254, 1259)
c(316, 317, 319, 328)
c(317, 318, 328, 437, 1245)
c(321, 328, 439, 2364)
c(320, 328, 332, 435, 436, 438, 439, 1236, 1237, 2366)
c(323, 324, 345, 434, 526, 539)
c(322, 334, 434, 526, 1776)
c(322, 330, 331, 335, 336, 344, 345, 412, 539)
c(327, 336, 344, 1329, 2237)
c(327, 337, 1329, 2172, 2175)
c(325, 326, 336, 337, 1329)
c(316, 318, 319, 320, 321, 437, 438, 1242, 1460, 2364)
c(315, 1822, 1823, 1825, 1835, 1861, 1966)
c(324, 331, 344)
c(324, 330, 336, 344)
c(321, 333, 435, 436, 438, 1154)
c(332, 334, 435, 1154, 1776)
c(323, 333, 434, 435, 1776)
c(324, 345, 412, 609, 1237, 1238)
c(324, 325, 327, 331, 337, 344, 536, 539)
c(326, 327, 336, 525, 536, 1366, 1885, 2172)
c(339, 346, 348, 351, 353, 471)
c(338, 353, 471, 490, 491)
c(341, 343, 1831, 1837)
c(340, 342, 343, 1251, 1494, 1829, 1831)
c(341, 1234, 1239, 1251, 1829, 1832)
c(340, 341, 1139, 1250, 1829, 1837, 1961)
c(324, 325, 330, 331, 336, 412, 604, 2237)
c(322, 324, 335, 434, 1238)
c(338, 348, 352, 353, 361, 400, 468, 469)
c(360, 361, 453, 468, 1068)
c(338, 346, 351, 400, 401)
c(350, 365, 387)
c(349, 351, 362, 365, 367, 386, 387, 470)
c(338, 348, 350, 386, 387, 401, 470, 471)
c(346, 353, 469, 1049, 1061)
c(338, 339, 346, 352, 491, 1061)
c(559, 2257, 2260, 2263, 2267, 2269, 2271)
c(368, 2235, 2256, 2262, 2290)
c(488, 489, 1230, 1379, 2177, 2190, 2295)
c(489, 2292, 2295)
c(359, 494, 495, 1168, 1187)
c(358, 482, 483, 495, 1168)
c(347, 361, 391, 453)
c(346, 347, 360, 391, 400, 468, 469)
c(350, 365, 366, 367, 2242)
c(370, 373, 374, 376, 2260, 2270)
c(2169, 2176, 2180, 2182, 2257, 2271)
c(349, 350, 362, 366, 369, 387)
c(362, 365, 367, 368, 369, 2239, 2242, 2256)
c(350, 362, 366, 470, 1938, 2242)
c(355, 366, 2235, 2236, 2239, 2242, 2256)
c(365, 366, 386, 387, 557, 2256, 2259)
c(363, 372, 373)
c(502, 2129, 2142, 2264, 2294)
c(370, 373, 675, 774, 783, 1951)
c(363, 370, 372, 375, 376, 1951)
c(363, 2257, 2260, 2263, 2270)
c(373, 376, 1951)
c(363, 373, 375, 1953, 1964, 2260)
c(1954, 2232, 2235, 2238, 2261, 2290)
c(379, 380, 381, 392, 499)
c(98, 378, 384, 392, 393, 498, 499)
c(140, 194, 195, 378, 381, 382, 418, 499)
c(378, 380, 392, 418)
c(126, 141, 194, 197, 380, 383, 499, 501)
c(126, 197, 382)
c(98, 99, 100, 379, 499, 501)
c(396, 496, 497, 1418, 1424, 2415)
c(350, 351, 369, 387, 401, 557)
c(349, 350, 351, 365, 369, 386)
c(193, 211, 389, 394, 395, 2381, 2387)
c(211, 388, 394, 408)
c(391, 448, 456, 461, 462, 562)
c(360, 361, 390, 400, 448, 453, 461, 462)
c(378, 379, 381, 393, 418, 419, 433, 498)
c(379, 392, 419, 432, 498)
c(388, 389, 408, 409, 2387)
c(193, 211, 388, 427, 473, 2381)
c(385, 397, 408, 497, 2415, 2425, 2427, 2430)
c(396, 398, 399, 408, 497)
c(126, 139, 197, 210, 397, 399, 496, 497)
c(210, 397, 398, 408)
c(346, 348, 361, 391, 401, 448)
c(348, 351, 386, 400, 448, 557)
c(403, 414, 425, 527, 528, 530, 551)
c(402, 410, 425)
c(80, 308, 309, 310, 313, 405, 2213, 2214)
c(298, 310, 313, 404, 407, 428)
c(80, 182, 308, 1904)
c(313, 405, 428)
c(207, 210, 211, 389, 394, 396, 397, 399, 409, 2427)
c(394, 408, 2387, 2427)
c(403, 424, 425, 608, 2317)
c(17, 19, 20, 527, 528, 529, 530, 2288, 2306, 2314)
c(324, 335, 344, 604, 609)
c(604, 605, 1330, 2237)
c(402, 425, 528, 2314, 2317)
c(424, 608, 1870, 1880, 2315)
c(417, 529, 530, 551, 2306, 2318)
c(161, 416, 551, 552, 553, 2289, 2300, 2318)
c(195, 380, 381, 392, 433)
c(392, 393, 432, 433, 498)
c(421, 423, 550, 1261, 1262)
c(158, 171, 172, 420, 422, 423, 550, 555, 1552)
c(158, 171, 421)
c(151, 420, 421, 555, 556, 1256, 1257, 1262)
c(410, 415, 608, 2312, 2315, 2317)
c(402, 403, 410, 414, 2317)
c(430, 431, 440, 441, 2227, 2490, 2503, 2507)
c(192, 193, 211, 395, 458, 463, 473, 2484)
c(298, 313, 405, 407, 429, 517, 2426, 2511)
c(298, 299, 300, 428, 431, 2426, 2508)
c(300, 426, 431, 440)
c(299, 300, 426, 429, 430, 441, 2508)
c(142, 157, 195, 213, 393, 419, 433, 498)
c(195, 392, 418, 419, 432)
c(322, 323, 334, 345, 435, 1237, 1238)
c(321, 332, 333, 334, 434, 1237)
c(321, 332, 437, 438)
c(319, 328, 436, 438, 1154, 1245, 1246, 1562, 1826, 1911)
c(321, 328, 332, 436, 437, 1154)
c(320, 321, 2351, 2364, 2366)
c(300, 426, 430, 2227, 2228, 2230, 2344)
c(426, 431, 2507, 2508, 2510)
c(446, 457, 561, 562, 1178, 1185, 1189, 1190)
c(449, 457, 559, 560, 561, 1103, 1104, 1117)
c(445, 446, 1185, 1190)
c(444, 446, 447, 483, 1185)
c(442, 444, 445, 447, 456, 562, 1190)
c(445, 446, 456, 460, 483)
c(390, 391, 400, 401, 557, 561, 562)
c(443, 557, 560, 561, 2249, 2266)
c(16, 451, 465, 1159, 1160, 2420)
c(450, 1159, 1160, 1179)
c(453, 459, 2483, 2486)
c(347, 360, 391, 452, 459, 460, 461, 1062, 1068, 2483, 2485)
c(29, 455, 2387, 2421, 2424, 2432, 2437)
c(454, 2387, 2427, 2431, 2432)
c(390, 446, 447, 460, 461, 562)
c(442, 443, 561, 1104, 1107, 1178)
c(192, 427, 459, 463, 472, 2486)
c(452, 453, 458, 460, 472, 2486)
c(447, 453, 456, 459, 461, 472, 482, 483, 494, 558)
c(390, 391, 453, 456, 460, 462)
c(390, 391, 461)
c(427, 458, 472, 473, 558, 1169, 1172, 1173, 2381)
c(1159, 1162, 1169, 1174, 2368, 2437)
c(16, 450, 1159, 1162, 2437)
c(65, 80, 89, 91, 95, 104, 182, 467)
c(65, 89, 466, 479, 481, 487)
c(346, 347, 361, 469, 1051, 1068)
c(346, 352, 361, 468, 1049, 1051)
c(350, 351, 367, 471, 1938)
c(338, 339, 351, 470, 490, 1937, 1938)
c(458, 459, 460, 463, 558)
c(395, 427, 463, 2381)
c(475, 476, 480, 509, 521, 1247, 1257)
c(92, 474, 476, 477, 480)
c(90, 474, 475, 477, 486)
c(92, 475, 476, 486)
c(90, 97, 102, 103, 1887, 2674)
c(89, 102, 467, 487, 1887)
c(92, 111, 112, 474, 475, 481, 510, 515, 519, 521)
c(65, 112, 467, 480, 487, 510, 516)
c(359, 460, 483, 494, 495)
c(359, 445, 447, 460, 482, 1168, 1185, 1188)
c(507, 1181, 1255)
c(121, 125, 315, 1825, 1959)
c(90, 92, 110, 476, 477, 487, 1887)
c(110, 112, 467, 479, 481, 486, 1887)
c(356, 489, 493, 1379, 1390, 1400)
c(356, 357, 488, 493, 2292, 2295)
c(339, 471, 491, 1937, 1938, 2157)
c(339, 353, 490, 1047, 1058, 1061, 1937, 2157)
c(493, 502, 1033, 1035, 1039, 1052)
c(488, 489, 492, 502, 503, 1052, 1400, 2292)
c(358, 460, 482, 495, 558, 1017, 1130, 1187, 1364, 1378, 1395, 2380)
c(358, 359, 482, 494)
c(126, 139, 385, 398, 497, 1418)
c(385, 396, 397, 398, 496)
c(98, 165, 213, 305, 379, 392, 393, 419, 432)
c(378, 379, 380, 382, 384, 501)
c(197, 199, 212, 501)
c(100, 197, 199, 382, 384, 499, 500)
c(371, 492, 493, 503, 1033, 1046, 2129, 2294)
c(493, 502, 2194, 2292, 2294)
c(531, 532, 1897, 1900, 1904, 1905, 1907, 1908)
c(513, 514, 515, 516, 519, 1908)
c(507, 508, 1661, 1662, 1670, 2646)
c(257, 484, 506, 1181, 1255, 1654, 1662, 2457)
c(506, 1661, 2646)
c(163, 170, 474, 520, 521, 556, 1257)
c(480, 481, 516, 519)
c(159, 512, 513, 515, 521, 522)
c(159, 169, 511)
c(505, 511, 514, 515, 521)
c(505, 513, 1908, 1910)
c(480, 505, 511, 513, 519, 521)
c(65, 481, 505, 510, 519, 1908)
c(313, 428, 518, 1902, 1903, 2511)
c(517, 1903, 1906)
c(480, 505, 510, 515, 516, 521)
c(150, 163, 509, 521, 522)
c(474, 480, 509, 511, 513, 515, 519, 520, 522)
c(150, 159, 511, 520, 521)
c(542, 1891, 1894, 2105, 2110, 2280, 2283, 2663)
c(1891, 2112, 2663, 2666)
c(337, 533, 536, 539, 1358, 1885)
c(322, 323, 538, 539, 1776, 1781)
c(402, 411, 528, 529)
c(20, 402, 411, 414, 527, 529, 530, 2314)
c(411, 416, 527, 528, 530, 2306)
c(402, 411, 416, 528, 529, 551, 2306)
c(504, 532, 1897, 1900, 1902, 1903)
c(504, 531, 1900, 1907)
c(525, 538, 539, 543, 544, 1358, 1392)
c(544, 546, 547, 1776, 1781)
c(106, 315, 537, 548, 1171, 1834, 1969)
c(336, 337, 525, 539)
c(535, 1165, 1171, 1969)
c(526, 533, 539, 544, 1781)
c(322, 324, 336, 525, 526, 533, 536, 538)
c(1151, 1164, 1166, 1769, 1776, 1783)
c(151, 162, 164, 170, 556)
c(523, 2105)
c(533, 544, 546, 1350, 1367, 1392, 1503)
c(533, 534, 538, 543, 546, 1781)
c(1089, 1102, 1121, 1147, 1768)
c(534, 543, 544, 547, 1354, 1367)
c(534, 546, 1354, 1452, 1465, 1776)
c(106, 535, 1152, 1171)
c(172, 188, 554, 564, 606, 607)
c(420, 421, 1260, 1261, 1552)
c(402, 416, 417, 530, 552)
c(161, 417, 551)
c(43, 161, 417, 554, 563, 2300, 2308)
c(36, 37, 43, 549, 553, 563, 564, 606)
c(151, 158, 167, 421, 423)
c(151, 170, 423, 509, 541, 1257)
c(369, 386, 401, 448, 449, 561, 2249, 2259)
c(460, 463, 472, 494, 1130, 1173, 2420)
c(354, 443, 560, 1103, 1114, 2266, 2269, 2271)
c(443, 449, 559, 2266)
c(442, 443, 448, 449, 457, 557, 562)
c(390, 442, 446, 448, 456, 561)
c(161, 553, 554, 606)
c(172, 549, 554)
c(575, 576, 917, 922)
c()
c(690, 925, 953, 967, 972, 1979)
c(574, 831, 984, 1307)
c(573, 900, 959, 1290)
c(571, 596, 597, 687)
c(570, 628, 687, 931)
c(574, 896, 959, 985)
c(569, 899)
c(568, 572, 831, 903, 959, 984)
c(565, 616, 917, 922)
c(565, 833, 917, 922)
c(578, 589, 602)
c(577, 585, 590, 603)
c(596, 597, 892, 979, 1994)
c()
c(583, 614, 862, 881, 947, 982, 993)
c(620, 622, 623, 918, 921, 997)
c(581, 584, 862, 881, 901)
c(583, 901, 903, 919)
c(578, 586, 590, 595, 994)
c(585, 589, 617)
c(588, 618, 624, 827, 908, 921)
c(587, 624, 908, 926)
c(577, 586, 598, 602, 617, 908, 918, 921, 945)
c(578, 585, 592, 601, 603)
c(592, 600, 601, 922, 978, 2658)
c(590, 591, 600, 601, 978)
c(596, 832)
c(596, 598, 602, 679, 687, 914, 915, 945)
c(585, 994)
c(570, 579, 593, 594, 597, 687, 889, 892)
c(570, 579, 596, 599, 892, 907, 979)
c(589, 594, 602, 679, 914, 945)
c(597, 628, 907)
c(591, 592, 601, 602, 835, 922)
c(590, 591, 592, 600, 602, 603)
c(577, 589, 594, 598, 600, 601, 603, 835, 914)
c(578, 590, 601, 602)
c(344, 412, 413, 605, 609, 1349, 2237)
c(413, 604, 1330, 1349)
c(160, 161, 186, 187, 549, 554, 563, 607)
c(186, 187, 188, 549, 606, 612)
c(410, 415, 424)
c(335, 412, 604, 1237, 1238, 2361)
c(611, 1343, 1349)
c(610, 1332, 1343, 1430, 1447)
c(183, 186, 188, 607)
c(863, 910, 927, 967, 992, 1974, 1977)
c(581, 820, 862, 946, 948, 982, 991)
c(832, 833, 889, 914, 917)
c(575, 917, 922, 1985, 2002, 2658)
c(586, 589, 908, 924, 1288, 1298)
c(587, 620, 621, 623, 676, 827, 921, 990)
c(931)
c(582, 618, 623, 921)
c(618, 676, 827, 830, 893, 895, 985, 990)
c(582, 915, 918, 997)
c(582, 618, 620, 901, 919, 990, 997)
c(587, 588, 625, 827, 926)
c(624, 827, 902, 913, 920, 926, 933, 1305)
c(902, 920, 1292)
c(902, 1305, 1306, 1843, 1981)
c(571, 599, 891, 907, 931)
c(1184, 1197, 1227, 1901, 1949, 1955)
c(634, 1075, 1183, 1184, 1583, 1942, 1955)
c(48, 636, 735, 763, 1623)
c(1889, 1918, 1920, 1921, 1922)
c(747, 749, 1202, 1889, 1920, 1925)
c(630, 741, 1583, 1942, 1955, 1957)
c(748, 1080, 1083, 1932)
c(48, 631, 637, 651, 735, 1622)
c(48, 636, 638, 651, 710, 758, 765)
c(637, 644, 649, 650, 651, 665, 710, 1277, 1521)
c(648, 723, 727, 734, 1515, 1855, 1858)
c(642, 1946, 2675)
c(105, 106, 120, 122, 643, 2676)
c(640, 643, 1946, 2675, 2676)
c(115, 118, 122, 641, 642, 1946, 1949, 2676)
c(53, 638, 659, 665, 715, 730, 1521)
c(54, 56, 57, 745, 1582)
c(719, 720, 737, 738, 1509)
c(49, 655, 717, 745, 746)
c(639, 727, 766, 1858, 1863)
c(638, 650, 665, 1277, 1717, 2020)
c(638, 649, 651, 1277)
c(636, 637, 638, 650, 735, 1277, 1622)
c(701, 707, 1519, 1876)
c(45, 46, 47, 52, 62, 654, 700)
c(46, 52, 63, 653, 709, 725)
c(55, 57, 58, 647, 717, 745, 746, 754)
c(694, 1316, 1621, 1864)
c(44, 711, 722, 759, 767, 1314, 1863, 1864)
c(701, 707, 732, 1267, 1519)
c(53, 644, 665, 730)
c(673, 775, 784, 2102, 2149)
c(873, 874, 1684, 2247)
c(667, 1892)
c(669, 672, 705, 706, 778)
c(669, 672, 1081, 1086, 1094, 1415, 1777, 1787)
c(638, 644, 649, 659, 730, 1997, 2020, 2085, 2086)
c(872, 873, 1457, 1683, 2247, 2248)
c(662, 791, 876, 1065, 1895)
c(784, 785, 1926, 1933, 1947, 2136, 2146, 2156)
c(277, 663, 664, 672, 692, 695, 705, 1086)
c(671, 673, 674, 2099, 2491, 2504)
c(670, 673, 674, 774, 783)
c(663, 664, 669, 778, 1412, 1415)
c(660, 670, 671, 674, 775, 2099, 2102)
c(670, 671, 673, 774, 775, 1929, 1941)
c(372, 774, 1941, 1951)
c(618, 621, 882, 903, 919, 985, 990)
c(263, 678, 888)
c(251, 677, 886, 887, 888, 935, 1003, 1281, 1284, 1318, 2661)
c(594, 598, 915, 945)
c(688, 839, 847, 857, 968, 1004, 1839, 1850)
c(952, 958, 999, 1000, 1274, 1280, 1293)
c(824, 825, 845, 954, 1000)
c(685, 963, 1285, 1851)
c(904, 956, 1295)
c(683, 1004, 1851)
c(689, 855, 858, 966)
c(570, 571, 594, 596, 915, 931, 947)
c(680, 1004, 1850, 1851)
c(267, 686, 850, 858, 880, 960, 966)
c(567, 970, 972, 1975, 1979)
c(692, 697, 698, 705, 780)
c(669, 691, 695, 705, 780, 781)
c(41, 47, 725, 1317, 1626, 1866)
c(656, 721, 728, 744, 755, 1507, 1621, 1864, 1867, 1874)
c(277, 282, 297, 669, 692, 781)
c(139, 776, 778, 1405, 1418)
c(131, 691, 698, 704, 779, 780)
c(691, 697, 705, 706, 778, 779, 782)
c(714, 756, 1270, 1520, 1865, 1991)
c(45, 47, 653, 1271, 1312)
c(652, 658, 707, 1263, 1265, 1267, 1270, 1510, 1809, 1865)
c(707, 716, 1266, 1270, 1658, 1723, 2027)
c(1913, 1916)
c(131, 132, 138, 697, 780, 781)
c(663, 669, 691, 692, 698, 706)
c(663, 698, 705, 778)
c(40, 652, 658, 701, 702, 716, 1270, 1876)
c(757, 1510, 1865, 1875)
c(46, 53, 63, 654, 730, 2085)
c(637, 638, 758, 1521, 1530)
c(44, 60, 61, 657, 726, 759, 1857)
c(1312, 1315, 1868, 1873, 1877)
c(732, 1271, 1312, 1315, 1519)
c(699, 1520, 1995)
c(46, 53, 62, 644, 1517, 1521, 1530)
c(40, 702, 707, 1266, 1866, 1876)
c(49, 54, 647, 655, 745, 1507, 1514, 1516, 1518)
c(58, 60, 61, 731)
c(59, 646, 737, 738, 761, 1508, 1509)
c(646, 1264, 1509)
c(694, 733, 755, 760, 1314, 1316, 1514, 1621, 1874)
c(49, 657, 733, 759, 1314, 1516)
c(639, 734, 1513, 1515, 1858, 1862)
c(744, 1279, 1522, 1867)
c(41, 47, 52, 63, 654, 693)
c(44, 51, 711, 1854, 1857)
c(44, 50, 639, 648, 734, 766, 1854, 1855)
c(694, 744, 1507, 1508, 1511, 1518)
c(735, 763, 764, 1622)
c(53, 644, 659, 665, 709, 2085)
c(61, 718, 1857)
c(658, 713, 1267, 1315, 1519, 1867, 1868)
c(721, 722, 760, 1314, 1516)
c(639, 723, 727, 1513, 1855, 1856)
c(631, 636, 651, 729, 763, 764, 1622)
c(59, 738, 744, 1627, 1810)
c(646, 719, 1509)
c(59, 646, 719, 736, 761)
c(740, 742, 751, 1957)
c(287, 294, 295, 739, 742, 1957)
c(634, 751, 789, 1409, 1583, 1957)
c(284, 285, 286, 287, 739, 740, 751, 1397, 1416)
c(1263, 1627)
c(59, 694, 724, 728, 736, 1279, 1511, 1627, 1864, 1867)
c(54, 56, 57, 645, 647, 655, 717)
c(49, 58, 60, 647, 655)
c(275, 633, 749, 1202, 1219)
c(635, 1889, 1932)
c(633, 747, 1889)
c(283, 294, 295, 753, 1936, 1944, 1949)
c(739, 741, 742, 789, 1409, 1416, 1957)
c(1770, 1943, 2676)
c(116, 118, 750, 1936, 1949)
c(55, 57, 58, 655)
c(694, 721, 1507, 1874)
c(699, 1865, 1875)
c(708, 1875)
c(637, 710, 765, 1512, 1513, 1517, 1521, 1530, 1856)
c(49, 60, 61, 657, 711, 722)
c(721, 733, 1514, 1516)
c(59, 719, 738, 1508)
c(51, 763, 764, 1857)
c(51, 631, 729, 735, 762, 1278, 1623)
c(729, 735, 762, 1622)
c(48, 637, 758, 1512)
c(44, 648, 727, 767)
c(44, 657, 766, 1863)
c(6, 14, 769, 772, 773, 1677)
c(14, 768, 1664, 1677, 1679)
c(6, 771, 772, 1528, 1585)
c(770, 772, 773)
c(6, 768, 770, 771, 773)
c(768, 771, 772)
c(372, 671, 674, 675, 783, 1941, 1951)
c(660, 673, 674, 784, 785, 1929, 1939)
c(126, 139, 141, 696, 778)
c(140, 156, 157, 778, 779, 782)
c(140, 141, 194, 663, 672, 696, 698, 706, 776, 777, 782, 1405, 1412, 1422, 1425)
c(131, 156, 697, 698, 777, 782)
c(691, 692, 697, 704, 781)
c(136, 138, 246, 282, 692, 695, 704, 780)
c(698, 777, 778, 779)
c(372, 671, 774)
c(660, 668, 775, 785, 1939, 2146, 2149)
c(668, 775, 784, 1926, 1939, 2146)
c(787, 788, 1592, 1593)
c(786, 788, 1146, 1155, 1158, 1592)
c(786, 787, 1143, 1146, 1157, 1593)
c(741, 751, 796, 1143, 1145, 1148, 1157, 1409, 1583, 1593, 1871)
c(791, 873, 874, 1684, 2247)
c(667, 790, 867, 875, 876, 877, 878, 1590, 1591, 2247)
c(793, 865, 866, 1672, 1682, 2385)
c(792, 864, 866, 2385)
c(804, 1586, 1587, 1611)
c(796, 797, 801, 803, 805, 819, 1409)
c(789, 795, 800, 803, 1409, 1871, 1884)
c(795, 801, 802, 803, 1586, 1587)
c(799, 808, 1199, 1616, 1617, 1628)
c(798, 1616, 1628, 1914, 1919)
c(796, 803, 1581, 1884, 1893)
c(795, 797, 802, 805)
c(797, 801, 805, 809, 812, 1586)
c(795, 796, 797, 800, 1581, 1587, 1596, 1610)
c(794, 1586, 1614)
c(795, 801, 802, 809, 819, 1617)
c(6, 15, 807, 815, 1524, 1528)
c(15, 806, 815, 1527, 1545)
c(798, 809, 810, 1617, 1628)
c(802, 805, 808, 810, 811, 812, 1617)
c(808, 809, 811, 1613, 1628)
c(809, 810, 812, 1586, 1613, 1614)
c(802, 809, 811, 1586)
c(22, 87, 96, 184, 1653, 1664, 1786)
c(1605, 1607, 2456)
c(806, 807, 1523, 1524, 1529, 1545, 1555, 2326)
c(1523, 1525, 1535, 1538, 1555, 2650)
c(1555, 2310, 2326)
c(4, 8, 11, 13, 1526, 2305)
c(795, 805, 1396, 1409, 1617)
c(253, 614, 948, 982, 1775)
c(272, 846, 941, 1753, 1756, 1757)
c(824, 825, 844, 928, 955, 1275)
c(894, 898, 939, 1006, 1295)
c(682, 822, 825, 841, 845, 942, 954, 955, 998)
c(256, 682, 822, 824, 841, 844, 845, 942, 954, 955, 998, 1283, 1304)
c(828, 838, 957, 1297, 1302)
c(587, 618, 621, 624, 625, 830)
c(826, 883, 897, 1287, 1289, 1302)
c(831, 894, 1655)
c(621, 827, 893, 899, 1311)
c(568, 574, 829, 894, 897, 900, 959, 1290)
c(593, 615, 833, 914)
c(576, 615, 832, 917)
c(835, 914, 917)
c(600, 602, 834, 914, 922)
c(957)
c(957, 986, 1838, 2659)
c(826, 957, 2659)
c(680, 840, 847, 968, 1004)
c(839, 843, 847, 937, 1752)
c(824, 825, 955, 1283, 1294)
c(939, 1272)
c(840, 847, 857, 1309, 1752, 1753)
c(262, 265, 822, 825, 1001, 1275, 1840)
c(682, 824, 825, 955, 1000)
c(272, 821, 941, 966)
c(680, 839, 840, 843, 857)
c(851, 943, 944, 971, 989, 1760)
c(943, 953, 973, 976, 977, 981)
c(689, 852, 854, 880, 960, 974, 1990)
c(848, 943, 1760, 1767)
c(850, 854, 960, 962, 1308)
c(259, 854, 962, 1990, 1991)
c(850, 852, 853, 962, 1990)
c(686, 858, 966)
c(269, 857, 858, 860, 861, 941, 1285)
c(680, 843, 847, 856, 860, 861, 968, 1004)
c(686, 689, 855, 856, 960)
c(969, 1287, 1310, 1844)
c(856, 857, 861, 941, 1309)
c(856, 857, 860)
c(581, 583, 614, 911, 991)
c(613, 891, 907, 910, 927)
c(793, 866, 1391, 1423, 2385)
c(792, 866, 867, 875, 877, 1402, 1423, 1672, 1685, 1686, 1687)
c(792, 793, 864, 865, 1423)
c(791, 865, 875, 877)
c(871, 1572, 1595, 1680, 1685, 1686)
c(870, 871, 1570, 1571, 1601)
c(869, 871, 1205, 1601, 2375)
c(868, 869, 870, 1570, 1571, 1572, 1672, 1681, 1685, 2375, 2388)
c(666, 1445, 1457, 2248, 2250)
c(661, 666, 790, 1065, 1443, 1457, 1684)
c(661, 790, 1684, 2247)
c(791, 865, 867, 1589, 1590, 1591, 1604, 1687)
c(667, 791, 878, 1564, 1895)
c(791, 865, 867, 878, 1067, 1402, 1450)
c(791, 876, 877, 1450, 1564)
c(1328, 1342, 2241, 2254, 2255, 2395)
c(272, 689, 850, 960, 966, 974, 1758, 1759, 1763, 1765, 1805, 1990)
c(581, 583, 901, 993, 997)
c(676, 903, 985)
c(828, 897, 898, 1005, 1289, 1302)
c(232, 239, 268, 930, 963, 964, 1285)
c(263, 264)
c(251, 678, 1318, 2661)
c(678, 888, 1284, 1793)
c(264, 677, 678, 887, 1284)
c(596, 615, 892, 917)
c(240, 1806, 1847)
c(237, 238, 628, 863, 907, 909, 910)
c(579, 596, 597, 889)
c(621, 830, 895, 896, 899)
c(823, 829, 831, 897, 898, 1006)
c(621, 893, 896, 985)
c(572, 893, 895, 899, 959, 985)
c(828, 831, 883, 894, 898, 1289, 1290, 1291)
c(823, 883, 894, 897, 1005, 1006)
c(573, 830, 893, 896)
c(569, 831, 959, 1290)
c(583, 584, 623, 881, 919, 993, 997)
c(625, 626, 627, 920, 1292, 1296, 1305, 1306, 1843)
c(574, 584, 676, 882, 911, 919, 984, 991)
c(684, 956, 1307)
c(906, 948, 956, 2668, 2671)
c(905, 936, 946, 948, 956)
c(597, 599, 628, 863, 891, 927, 951, 979, 992)
c(587, 588, 589, 617, 921, 924)
c(237, 238, 891, 910, 1771, 1773)
c(613, 863, 891, 909, 925, 967, 1771)
c(862, 903, 984, 991)
c(1298, 1993)
c(625, 933, 1305, 1981, 1982)
c(594, 598, 602, 615, 832, 834, 835)
c(594, 622, 679, 687, 918, 945, 947, 993, 997)
c(951, 992, 1977, 1978, 1994)
c(565, 575, 576, 615, 616, 833, 834, 889, 923, 1985, 1987, 2002)
c(582, 589, 622, 915, 921, 945)
c(584, 623, 676, 901, 903, 990, 997)
c(625, 626, 902)
c(582, 587, 589, 618, 620, 908, 918)
c(565, 575, 576, 591, 600, 616, 835, 2658)
c(917, 2001)
c(617, 908)
c(567, 910, 953, 967, 1766, 1771, 1979)
c(588, 624, 625, 933, 1288, 1298)
c(613, 863, 907, 951, 992)
c(262, 822, 1275)
c(934, 935, 1301, 1792, 1807)
c(239, 268, 884, 960, 1308, 1801, 1804)
c(571, 619, 628, 687, 947)
c(936, 984, 987, 1307)
c(625, 913, 926, 1288, 1298, 1982, 1986, 1992, 1993)
c(929, 1300, 1792, 1794)
c(249, 678, 929, 1002, 1281, 1301, 1318, 1793, 1807)
c(906, 932, 946)
c(840, 940, 1752)
c(1269, 1273, 1276)
c(823, 842, 996, 1006, 1272)
c(937, 1839, 1852, 1853)
c(821, 846, 856, 860, 966)
c(260, 824, 825, 1304)
c(848, 849, 851, 953, 971, 977, 1767)
c(270, 848, 971, 980, 988, 989, 1764, 1984, 2660)
c(589, 594, 598, 679, 915, 918)
c(614, 906, 936, 948, 956, 991)
c(581, 687, 915, 931, 982, 993, 1774)
c(253, 614, 820, 905, 906, 946, 2671)
c(256, 1280, 1293)
c()
c(907, 916, 927, 979, 992, 1994)
c(681, 958, 1000, 1274, 1302, 1319)
c(567, 849, 925, 943, 972, 981, 1766, 1767)
c(682, 824, 825)
c(822, 824, 825, 841, 845, 995, 998, 1294, 1318)
c(684, 904, 905, 906, 946, 987, 1307, 2668)
c(826, 836, 837, 838, 986, 1300, 1794, 2659)
c(681, 952, 999, 1000, 1274)
c(569, 572, 574, 831, 896, 900)
c(250, 267, 268, 689, 850, 852, 858, 880, 930, 1308)
c(240, 271, 963, 964, 1812, 1847, 1849)
c(259, 852, 853, 854, 965, 1308, 1804)
c(683, 884, 961, 964, 1285, 1812, 1848, 1851)
c(232, 239, 240, 271, 273, 884, 961, 963, 1285, 1808)
c(259, 962, 1804)
c(272, 686, 689, 846, 855, 880, 941)
c(567, 613, 910, 925, 1974, 1979, 1980)
c(680, 839, 857, 1004)
c(859, 1310, 1844)
c(690, 972, 973, 976, 981, 1975, 1976)
c(848, 943, 944, 977, 980, 983)
c(567, 690, 953, 970, 981)
c(849, 970, 976, 981)
c(850, 880, 975, 1763, 1990)
c(974, 1763, 1984, 1990)
c(849, 970, 973, 977, 1976)
c(849, 943, 971, 976, 980, 983, 1976)
c(591, 592, 1989, 2658)
c(579, 597, 907, 951, 1994)
c(944, 971, 977, 983, 1983, 2660)
c(849, 953, 970, 972, 973)
c(581, 614, 820, 947, 1774, 1775)
c(971, 977, 980, 1976, 1983)
c(568, 574, 903, 911, 932, 991, 1307)
c(572, 621, 676, 882, 895, 896)
c(837, 957, 1794, 1838)
c(932, 956, 1307)
c(270, 944, 989, 1760, 1764)
c(848, 944, 988, 1760)
c(618, 621, 623, 676, 919)
c(614, 862, 903, 911, 946, 984)
c(613, 907, 916, 927, 951, 1977, 1994)
c(581, 881, 901, 915, 947, 997)
c(585, 595, 1298, 1988)
c(955, 1318)
c(939, 1006, 1272, 1273, 1276, 1282, 1302)
c(582, 622, 623, 881, 901, 915, 919, 993)
c(824, 825, 955)
c(681, 958, 1000)
c(681, 682, 845, 952, 958, 999, 1319)
c(262, 844, 1840)
c(935, 1003, 1301)
c(251, 678, 1002, 1318, 2661)
c(680, 685, 688, 839, 857, 968, 1839, 1850, 1851)
c(883, 898)
c(823, 894, 898, 939, 996, 1272, 1302)
c(1009, 1010, 1018, 1020, 1022, 1127, 1253, 1463, 1480, 1485)
c(1011, 1014, 1021, 1022, 1128, 1129, 1131, 1498)
c(1007, 1018, 1020, 1022, 1028, 1485)
c(1007, 1013, 1014, 1020, 1127, 1243, 1253)
c(1008, 1128, 1131, 1483, 1487, 1497, 1498)
c(1403, 1414, 1492, 1493, 1495, 2419)
c(1010, 1014, 1128, 1225, 1243, 1252)
c(1008, 1010, 1013, 1020, 1021, 1022, 1128, 1129)
c(1398, 1403, 1411, 1414, 1417, 1422, 2417)
c(1019, 1029, 1030, 1076, 1191, 1221, 1398, 1422, 1432, 2392)
c(494, 1036, 1130, 1364, 1395)
c(1007, 1009, 1485)
c(1016, 1029, 1030, 1087, 1088, 1101, 1221)
c(1007, 1009, 1010, 1014, 1022)
c(1008, 1014, 1022, 1129)
c(1007, 1008, 1009, 1014, 1020, 1021, 1028, 1498)
c(1026, 1034, 1041, 2165, 2170)
c(1034, 1037, 1322, 1335, 1433)
c(1027, 1038, 1052, 1066, 1321, 1323, 1324, 1333)
c(1023, 1034, 2165)
c(1025, 1044, 1066, 1323, 1428, 1435)
c(1009, 1022, 1485, 1491, 1498)
c(1016, 1019, 1087, 1432)
c(1016, 1019, 1221)
c(1042, 1045, 2139, 2140, 2142, 2264)
c(1042, 1045, 1046, 1060, 2129, 2140, 2143, 2274)
c(492, 502, 1035, 1040, 1046, 1050, 1053, 1060)
c(1023, 1024, 1026, 1037, 2165, 2170)
c(492, 1033, 1039, 1050)
c(1017, 1130, 1364, 1375, 1376, 1404, 2340)
c(1024, 1034, 1038, 1335, 2164, 2170)
c(1025, 1037, 1039, 1052, 1321, 1335, 2164)
c(492, 1035, 1038, 1050, 1052, 2164, 2166, 2281)
c(1033, 1041, 1043, 1053, 1054, 1060, 2165)
c(1023, 1040, 1054, 2163, 2165, 2167, 2170)
c(1031, 1032, 1045, 2140, 2143)
c(1040, 1053, 1054)
c(1027, 1326, 1428, 1431, 1435, 1436)
c(1031, 1032, 1042, 2129, 2142)
c(502, 1032, 1033, 1060, 2129)
c(491, 1058, 2157, 2216, 2221)
c(1051, 2098, 2193, 2196, 2204, 2209, 2327)
c(352, 469, 1051, 1061, 2098)
c(1033, 1035, 1039, 1053, 2163, 2166)
c(468, 469, 1048, 1049, 1062, 1068, 2098, 2204)
c(492, 493, 1025, 1038, 1039, 1066, 1361, 1400, 1421)
c(1033, 1040, 1043, 1050, 1054, 2163)
c(1040, 1041, 1043, 1053, 2163)
c(1069, 2200, 2206, 2231)
c(1057, 1059, 1069, 1070)
c(1056, 1059, 1069, 1070, 2496)
c(491, 1047, 1061, 2216, 2223)
c(1056, 1057, 1069)
c(1032, 1033, 1040, 1046, 2165)
c(352, 353, 491, 1049, 1058, 2098, 2223)
c(453, 1051, 1068, 1070, 2204, 2206, 2485)
c(1332, 1447, 2171, 2175, 2178)
c(1444, 1449, 1454, 1456, 1458, 2178)
c(667, 873, 1067, 1443, 1446, 1449, 1450, 1456, 1564, 1895)
c(1025, 1027, 1052, 1374, 1421, 1427, 1428)
c(877, 1065, 1402, 1446, 1450, 2399, 2400)
c(347, 453, 468, 1051, 1062)
c(1055, 1056, 1057, 1059, 1070, 2200, 2206, 2210, 2496)
c(1056, 1057, 1062, 1069, 2206, 2485, 2496)
c(1072, 1085, 1784, 1787, 1788, 1790)
c(1071, 1082, 1085, 1086, 1787)
c(279, 280, 1784, 1791)
c(1111, 1122, 1584, 1791)
c(630, 1156, 1183, 1583, 1592)
c(1016, 1191, 1194, 2392)
c(1096, 1099, 1110, 1191, 1208, 1221)
c(1095, 1106, 1194, 1201, 1388, 2392, 2405)
c(1093, 1462, 1476, 1489)
c(635, 1083, 1093, 1462)
c(664, 1094, 1100, 1459, 1470, 1777, 1788, 1790, 1797)
c(276, 277, 1072, 1084, 1085, 1086)
c(635, 1080, 1462, 1477, 1496, 1932)
c(276, 278, 281, 1082, 1085, 1092, 1789)
c(1071, 1072, 1082, 1084, 1092, 1784, 1788, 1789)
c(277, 664, 669, 1072, 1082, 1777, 1787)
c(1019, 1029, 1101, 1115, 1126, 1413, 1432)
c(1019, 1091, 1101, 1208, 1221)
c(545, 1098, 1102, 1108, 1138, 1145, 1150, 1768, 1871)
c(1215, 1230, 1235, 1390, 1393)
c(1088, 1101, 1208, 1227, 1888)
c(1084, 1085, 1789)
c(1079, 1080, 1462)
c(664, 1081, 1415, 1470)
c(1078, 1097, 1106, 1109, 1211, 1388)
c(1077, 1097, 1099, 1106, 1116, 1191, 1194, 1201, 1943)
c(1095, 1096, 1106, 1109, 1116, 1770, 1782)
c(1089, 1101, 1102, 1108, 1133, 1137)
c(1077, 1096, 1110, 1943)
c(1081, 1459, 1470)
c(1019, 1087, 1088, 1091, 1098, 1108, 1126, 1137, 1888)
c(545, 1089, 1098, 1108, 1133, 1147)
c(443, 559, 1114, 1117, 1118, 1230)
c(443, 457, 1105, 1107, 1117, 1124)
c(1104, 1117, 1118, 1124, 1228, 1229)
c(1078, 1095, 1096, 1097, 1201)
c(457, 1104, 1124, 1178, 1453, 1472)
c(1089, 1098, 1101, 1102, 1135, 1150, 1888)
c(1095, 1097, 1211, 1779, 1782)
c(1077, 1099, 1208, 1943, 1956)
c(1074, 1112, 1120, 1122, 1132, 1163, 1791, 1797)
c(1111, 1120, 1121, 1123, 1132, 1147, 1163)
c(1125, 1126, 1132, 1133, 1137)
c(559, 1103, 1230, 2169, 2271)
c(1087, 1125, 1126, 1144, 1413, 1470)
c(1096, 1097, 1770, 1943)
c(443, 1103, 1104, 1105, 1118)
c(1103, 1105, 1117, 1215, 1228, 1230)
c(1132, 1133, 1147)
c(1111, 1112, 1122, 1123, 1134, 1584)
c(545, 1112, 1123, 1134, 1147, 1768, 1883)
c(1074, 1111, 1120, 1584)
c(1112, 1120, 1121, 1134)
c(1104, 1105, 1107, 1229, 1472)
c(1113, 1115, 1126, 1132, 1163, 1459, 1470)
c(1087, 1101, 1113, 1115, 1125, 1137, 1470)
c(1007, 1010, 1253, 1463, 1473, 2371)
c(1008, 1011, 1013, 1014, 1131, 1224, 1225)
c(1008, 1014, 1021)
c(494, 558, 1017, 1036, 2340, 2420)
c(1008, 1011, 1128, 1224, 1483)
c(1111, 1112, 1113, 1119, 1125, 1133, 1147, 1163)
c(1098, 1102, 1113, 1119, 1132, 1137, 1147)
c(1120, 1121, 1123, 1883)
c(1108, 1136, 1138, 1150, 1888, 1890)
c(1135, 1138, 1149, 1153, 1155, 1890)
c(1098, 1101, 1113, 1126, 1133)
c(1089, 1135, 1136, 1145, 1148, 1149, 1150, 1155)
c(343, 1249, 1250, 1836, 1837, 1973)
c(34, 35, 1142, 1167, 1180, 1260, 1262, 2353)
c(1142, 1181, 1182, 1255, 2353)
c(1140, 1141, 1177, 1180, 1182, 1262, 2353)
c(788, 789, 1146, 1148, 1149, 1157)
c(1115, 1413, 1415, 1426, 1470)
c(789, 1089, 1138, 1148, 1871)
c(787, 788, 1143, 1148, 1149, 1155, 1158)
c(545, 1102, 1112, 1119, 1121, 1132, 1133)
c(789, 1138, 1143, 1145, 1146, 1149, 1871)
c(1136, 1138, 1143, 1146, 1148, 1155)
c(1089, 1108, 1135, 1138)
c(540, 1154, 1164, 1166, 1770)
c(106, 548, 1165, 1171, 1770)
c(1136, 1155, 1156, 1158, 1193, 1198, 1890)
c(332, 333, 437, 438, 1151, 1166, 1770, 1776, 1911)
c(787, 1136, 1138, 1146, 1149, 1153, 1158)
c(1075, 1153, 1158, 1183, 1193, 1592)
c(788, 789, 1143, 1593)
c(787, 1146, 1153, 1155, 1156, 1592)
c(450, 451, 464, 465, 1162, 1169, 1179)
c(16, 450, 451, 1173, 1179, 2420)
c(1195, 2367, 2380, 2382)
c(464, 465, 1159, 2437)
c(1111, 1112, 1125, 1132, 1459, 1797)
c(540, 1151, 1770, 1783)
c(537, 1152, 1171, 1770, 1911, 1969)
c(540, 1151, 1154, 1776)
c(34, 1140, 1170, 1180)
c(358, 359, 483, 1187, 1188, 2380, 2382)
c(463, 464, 1159, 1172, 1179, 2368, 2381)
c(34, 1167, 1180, 1670)
c(535, 537, 548, 1152, 1165)
c(463, 1169, 1173, 1179)
c(463, 558, 1160, 1172, 1179, 2420)
c(464, 2368, 2387, 2437)
c(1176, 1185, 1188, 1189, 1195)
c(1175, 1189, 1195, 1472)
c(1142, 1180, 1182, 1654, 2454)
c(442, 457, 1107, 1189, 1453, 1472)
c(451, 1159, 1160, 1169, 1172, 1173)
c(1140, 1142, 1167, 1170, 1177, 1670, 2454, 2457)
c(484, 507, 1141, 1182, 1255, 1654, 2353, 2457)
c(1141, 1142, 1177, 1181, 1654)
c(630, 1075, 1156, 1184, 1186, 1193)
c(629, 630, 1183, 1186, 1193, 1196, 1197, 1955)
c(442, 444, 445, 483, 1175, 1188, 1189, 1190)
c(1183, 1184, 1193, 1196)
c(358, 494, 1168, 2380, 2382)
c(483, 1168, 1175, 1185, 1195, 2382)
c(442, 1175, 1176, 1178, 1185, 1190, 1472)
c(442, 444, 446, 1185, 1189)
c(1016, 1076, 1077, 1096, 1194, 1221)
c(1211, 1339, 1388, 1779, 2384)
c(1153, 1156, 1183, 1184, 1186, 1196, 1198)
c(1076, 1078, 1096, 1191, 1201, 2392)
c(1161, 1175, 1176, 1188, 1472, 2367, 2382)
c(1184, 1186, 1193, 1197, 1198)
c(629, 1184, 1196, 1198, 1901)
c(1153, 1193, 1196, 1197, 1890, 1901)
c(798, 1202, 1209, 1212, 1213, 1219, 1406, 1616, 1617)
c(1219)
c(1078, 1096, 1106, 1194)
c(633, 747, 1199, 1219, 1406, 1925)
c(1206, 1352, 1365, 2168, 2171, 2298)
c(1325, 1438, 1600, 1602, 2233, 2243, 2246, 2407)
c(870, 1601, 2245, 2375, 2378, 2408)
c(1203, 1365, 1446, 2173, 2298)
c(275, 285, 1212, 1217, 1219, 1220)
c(1077, 1088, 1091, 1110, 1221, 1227, 1949, 1956)
c(1199, 1212, 1214, 1217, 1410, 1617)
c(285, 1220, 1222, 1397, 1410)
c(1095, 1109, 1192, 1388, 1779)
c(1199, 1207, 1209, 1213, 1217, 1219)
c(1199, 1212, 1219)
c(1209, 1396, 1399, 1410, 1617)
c(1090, 1118, 1216, 1228, 1230, 1235, 1455)
c(1215, 1218, 1228, 1229, 1340, 1455, 1466, 1499)
c(1207, 1209, 1212, 1220, 1222, 1410)
c(1216, 1228, 1229)
c(275, 747, 1199, 1200, 1202, 1207, 1212, 1213)
c(285, 1207, 1210, 1217, 1222)
c(1016, 1019, 1030, 1077, 1088, 1191, 1208)
c(1210, 1217, 1220, 1410)
c(1232, 1484, 1494, 1831, 1837, 1967)
c(1128, 1131, 1225, 1226, 1239, 1252, 1483)
c(1013, 1128, 1224, 1243, 1252)
c(1224, 1234, 1239, 1483)
c(629, 1091, 1208, 1888, 1901, 1949)
c(1105, 1118, 1215, 1216, 1218, 1229)
c(1105, 1124, 1216, 1218, 1228, 1340, 1472)
c(356, 1090, 1103, 1114, 1118, 1215, 1379, 1390, 2169, 2177, 2180)
c(1240, 1241, 1253, 1254, 1473, 2352, 2371)
c(1223, 1824, 1831, 1837, 1967, 1970)
c(1234, 1251, 1494, 1497)
c(342, 1226, 1233, 1239, 1251, 1483, 1497)
c(1090, 1215, 1383, 1393, 1455)
c(321, 1237, 2361, 2366)
c(321, 335, 434, 435, 609, 1236, 1238, 2361)
c(335, 345, 434, 609, 1237)
c(342, 1224, 1226, 1234, 1246, 1248, 1251, 1252, 1832)
c(317, 1231, 1241, 1254, 1259, 1473)
c(316, 1231, 1240, 1242, 1259, 1473, 2365)
c(316, 328, 1241, 1259, 1460, 1473, 2364, 2365)
c(1010, 1013, 1225, 1248, 1252, 1253, 1254)
c(1249, 1959, 1962, 1968, 1973)
c(317, 319, 437, 1246, 1248, 1254)
c(437, 1239, 1245, 1248, 1826, 1832, 1861)
c(474, 1257, 1262, 2353)
c(1239, 1243, 1245, 1246, 1252, 1254)
c(1139, 1244, 1962, 1973)
c(343, 1139, 1829, 1836, 1972)
c(341, 342, 1233, 1234, 1239, 1494, 1829, 1831)
c(1013, 1224, 1225, 1239, 1243, 1248)
c(1007, 1010, 1127, 1231, 1243, 1254, 2371)
c(317, 1231, 1240, 1243, 1245, 1248, 1253, 2371)
c(484, 507, 1141, 1181, 2353)
c(423, 1257, 1262)
c(423, 474, 509, 556, 1247, 1256, 1262)
c(1551, 2363, 2379)
c(316, 317, 1240, 1241, 1242)
c(550, 1140, 1261, 1262)
c(420, 550, 1260, 1262)
c(420, 423, 1140, 1142, 1247, 1256, 1257, 1260, 1261, 2353)
c(701, 743, 1265, 1279, 1627, 1809)
c(56, 720, 1313, 1508, 1509, 1518)
c(701, 1263, 1267, 1279)
c(41, 702, 716, 1866, 2018, 2027)
c(658, 701, 732, 1265, 1279, 1522, 1867)
c(255, 1269, 1272, 1273, 1655, 2669, 2670)
c(255, 938, 1268, 1273)
c(699, 701, 702, 707, 1520, 1658, 1865)
c(40, 45, 47, 700, 713, 1312, 1317, 1519, 1876)
c(842, 939, 996, 1006, 1268, 1273)
c(938, 996, 1268, 1269, 1272, 1276)
c(681, 952, 958, 1276, 1282)
c(265, 822, 844, 928, 1840)
c(938, 996, 1273, 1274, 1280, 1282)
c(638, 649, 650, 651, 1622)
c(50, 51, 763, 1623, 1854)
c(724, 744, 1263, 1265, 1267, 1522, 1627)
c(256, 681, 949, 1276, 1293)
c(678, 935, 1284)
c(996, 1274, 1276)
c(825, 841)
c(678, 887, 888, 1281)
c(232, 267, 269, 683, 856, 884, 963, 964)
c(1844, 1845)
c(828, 859, 1303, 1844, 2659)
c(617, 926, 933, 1298)
c(828, 883, 897, 1291)
c(569, 831, 897, 900, 1291, 1296, 1303, 1310)
c(897, 1289, 1290, 1303)
c(626, 902, 1296, 1299, 1303, 1311)
c(681, 949, 1280)
c(252, 841, 955, 1318)
c(684, 823, 1307)
c(902, 1290, 1292, 1303, 1310)
c(826, 1302, 1319)
c(617, 912, 926, 933, 994, 1288, 1993)
c(1292, 1311)
c(934, 957, 1792, 1794)
c(249, 929, 935, 1002)
c(826, 828, 883, 952, 996, 1006, 1297, 1319)
c(1287, 1290, 1291, 1292, 1296)
c(256, 825, 942)
c(625, 627, 902, 913, 1306, 1981)
c(627, 902, 1305, 1843)
c(568, 904, 932, 956, 984, 987, 1295)
c(852, 930, 960, 962, 1804)
c(843, 860, 1753)
c(859, 969, 1290, 1296, 1842, 1844)
c(830, 1292, 1299)
c(45, 700, 712, 713, 1271, 1315, 1862, 1877)
c(54, 56, 1264, 1518)
c(657, 721, 722, 733, 1316, 1863, 1864)
c(712, 713, 732, 1312, 1519, 1867, 1868)
c(656, 721, 1314, 1621, 1864)
c(40, 47, 693, 1271, 1866)
c(249, 251, 678, 886, 935, 955, 995, 1003, 1294)
c(252, 952, 1000, 1297, 1302)
c(1331, 1333, 1334, 1341, 1437)
c(1025, 1038, 1322, 1324, 1335)
c(1024, 1321, 1324, 1335, 1433)
c(1025, 1027, 1324, 1333, 1435, 1436)
c(1025, 1321, 1322, 1323, 1333, 1341, 1433)
c(1204, 1600, 1601, 2233, 2243, 2245)
c(1044, 1327, 1331, 1431, 1435, 1436)
c(1326, 1331, 1436, 1437, 1439)
c(879, 2224, 2244, 2252, 2255, 2258)
c(325, 326, 327, 1330, 1332, 1343, 1349, 2175, 2237)
c(413, 605, 1329, 1349, 2237)
c(1320, 1326, 1327, 1334, 1341, 1346, 1365, 1431, 1437, 1446, 2399, 2414)
c(611, 1063, 1329, 1343, 1447, 2175)
c(1025, 1320, 1323, 1324, 1341, 1433, 1436, 1437, 1439)
c(1320, 1331, 1437)
c(1024, 1037, 1038, 1321, 1322)
c(1340, 1347, 1385, 1472, 1503, 2367)
c(1385, 1503)
c(1340, 1347, 1351, 1357, 1385, 1500)
c(1192, 1451, 1452, 1779, 2384)
c(1216, 1229, 1336, 1338, 1347, 1351, 1472, 1499)
c(1320, 1324, 1331, 1333, 1433, 2414)
c(879)
c(610, 611, 1329, 1332, 1349)
c(1348, 1355, 1359, 1365, 1429, 1442, 1448)
c(1355, 1429, 1501, 1885)
c(1331, 1348, 1365, 1381, 1428, 1431)
c(1336, 1338, 1340, 1385)
c(1344, 1346, 1365, 1381, 1448)
c(604, 605, 610, 1329, 1330, 1343)
c(543, 1353, 1356, 1367, 1503, 2367, 2370)
c(1338, 1340, 1357, 1382, 1499)
c(1203, 1363, 1365, 1885, 2168)
c(1350, 1356, 2370, 2383, 2396, 2398)
c(546, 547, 1356, 1367, 1373, 1465, 2383, 2386)
c(1344, 1345, 1359, 1365, 1429, 1885)
c(1350, 1353, 1354, 1367, 2383)
c(1338, 1351, 1382, 1386, 1500)
c(525, 533, 1392, 1501, 1885)
c(1344, 1355, 1365)
c(1361, 1371, 1380, 1390, 1393, 1400, 1440)
c(1052, 1360, 1400, 1421, 1427, 1440)
c(1368, 1376, 1377, 1404, 1407, 1502)
c(1352, 1366, 1885, 2168, 2174)
c(494, 1017, 1036, 1370, 1375, 1384, 1395)
c(1203, 1206, 1331, 1344, 1346, 1348, 1352, 1355, 1359, 1446, 1885)
c(337, 1363, 1885, 2161, 2172, 2174)
c(543, 546, 1350, 1354, 1356, 1503)
c(1362, 1369, 1372, 1398, 1407, 1502, 2401, 2403)
c(1368, 1372, 1387, 1388, 1502, 2401, 2411)
c(1364, 1378, 1384, 1395, 2383, 2386, 2397, 2398)
c(1360, 1374, 1380, 1440)
c(1368, 1369, 1377, 1388, 1502, 2384, 2397)
c(1354, 1451, 1465, 2384, 2386)
c(1066, 1371, 1380, 1427, 1428, 1440, 1441)
c(1036, 1364, 1376, 1384, 2397)
c(1036, 1362, 1375, 1377, 1404, 2397)
c(1362, 1372, 1376, 1502, 2397)
c(494, 1370, 1395, 2370, 2380, 2398)
c(356, 488, 1230, 1390)
c(1360, 1371, 1374, 1393, 1394, 1441)
c(1346, 1348, 1394, 1428, 1431, 1441, 1442, 1448)
c(1351, 1357, 1386, 1429, 1442, 1499)
c(1235, 1393, 1394, 1455, 1466)
c(1364, 1370, 1375, 2397)
c(1336, 1337, 1338, 1347, 1500, 1503)
c(1357, 1382, 1429, 1500, 1501, 1503)
c(1369, 1388, 2391, 2401, 2411)
c(1078, 1095, 1192, 1211, 1369, 1372, 1387, 1401, 2377, 2384, 2405, 2411)
c(1402, 1408, 2376, 2378, 2389, 2390, 2395)
c(488, 1090, 1230, 1360, 1379, 1393, 1400)
c(864, 1408, 1423, 1434, 2385)
c(533, 543, 1358, 1501, 1503)
c(1090, 1235, 1360, 1380, 1383, 1390, 1394, 1400)
c(1380, 1381, 1383, 1393, 1441, 1442, 1466)
c(494, 1017, 1364, 1370, 1378)
c(819, 1214, 1399, 1409, 1617)
c(285, 742, 1210, 1399, 1409, 1410, 1416)
c(1015, 1016, 1368, 1407, 1414, 1422, 2392, 2403)
c(1214, 1396, 1397, 1409, 1410)
c(488, 493, 1052, 1360, 1361, 1390, 1393)
c(1388, 2377, 2394, 2404, 2405)
c(865, 877, 1067, 1389, 1408, 1420, 1423, 1433, 1434, 2395, 2399, 2400)
c(1012, 1015, 1414, 1417, 1492, 2417, 2419)
c(1036, 1362, 1376, 1407, 1493, 1506, 2340)
c(696, 778, 1411, 1418, 1422, 1424)
c(1199, 1202, 1616, 1919, 1925)
c(1362, 1368, 1398, 1404, 1414, 1493, 2403)
c(1389, 1391, 1402, 1434, 2385, 2390)
c(741, 751, 789, 795, 796, 819, 1396, 1397, 1399, 1416)
c(1209, 1210, 1214, 1217, 1222, 1397, 1399)
c(1015, 1405, 1422, 1424, 2417)
c(672, 778, 1415, 1425, 1426)
c(1087, 1115, 1144, 1426, 1432)
c(1012, 1015, 1398, 1403, 1407, 1417, 1493)
c(664, 672, 1094, 1144, 1412, 1426, 1470)
c(742, 751, 1397, 1409)
c(1015, 1403, 1414)
c(139, 385, 496, 696, 1405, 1424, 2415)
c(1430, 1444, 1447, 1464, 2251)
c(1402, 1433, 2400, 2402, 2409, 2412, 2413, 2414)
c(1052, 1066, 1361, 1427, 1440)
c(778, 1015, 1016, 1398, 1405, 1411, 1425, 1432)
c(864, 865, 866, 1391, 1402, 1434)
c(385, 1405, 1411, 1418, 2415, 2417, 2434)
c(778, 1412, 1422, 1426, 1432)
c(1144, 1412, 1413, 1415, 1425, 1432)
c(1066, 1361, 1374, 1421, 1440)
c(1027, 1044, 1066, 1346, 1374, 1381, 1431, 1441)
c(1344, 1345, 1355, 1382, 1386, 1442, 1501, 1885)
c(611, 1419, 1447, 2251)
c(1044, 1326, 1331, 1346, 1381, 1428)
c(1016, 1029, 1087, 1413, 1422, 1425, 1426)
c(1024, 1322, 1324, 1333, 1341, 1402, 1420, 2414)
c(1391, 1402, 1408, 1423)
c(1027, 1044, 1323, 1326, 1436)
c(1044, 1323, 1326, 1327, 1333, 1435, 1439)
c(1320, 1327, 1331, 1333, 1334, 1439)
c(1204, 1597, 1598, 1600, 1602, 1612)
c(1327, 1333, 1436, 1437)
c(1360, 1361, 1371, 1374, 1421, 1427)
c(1374, 1380, 1381, 1394, 1428)
c(1344, 1381, 1382, 1394, 1429, 1448, 1466, 1499)
c(873, 1065, 1454, 1456, 1457)
c(1064, 1419, 1447, 1458, 1464, 2178)
c(872, 1454, 1457, 1458, 1464, 2248, 2250)
c(1065, 1067, 1206, 1331, 1365, 1449, 2173, 2399)
c(611, 1063, 1332, 1419, 1430, 1444, 2178)
c(1344, 1348, 1381, 1442)
c(1064, 1065, 1446, 1456, 2173, 2178, 2298)
c(877, 878, 1065, 1067, 1564)
c(1339, 1373, 1452, 1465, 2384)
c(547, 1339, 1451, 1465, 1776, 1779)
c(1107, 1178, 1472)
c(1064, 1443, 1445, 1456, 1457, 1458)
c(1215, 1216, 1235, 1383, 1466)
c(1064, 1065, 1443, 1449, 1454)
c(666, 872, 873, 1443, 1445, 1454)
c(1064, 1444, 1445, 1454, 1464)
c(1081, 1100, 1125, 1163, 1470, 1797)
c(328, 1242, 1461, 1463, 1473, 1474, 1480, 2354, 2364)
c(1460, 1474, 1480, 2354, 2366)
c(1079, 1080, 1083, 1093, 1477, 1489, 1490)
c(1007, 1127, 1460, 1473, 1480)
c(1419, 1444, 1445, 1458, 2250, 2251, 2253)
c(547, 1354, 1373, 1451, 1452)
c(1216, 1383, 1394, 1442, 1455, 1499)
c(1468, 1471, 1478, 1653, 1786, 1798)
c(1467, 1471, 1479, 1482, 1490, 1628, 1653)
c(1475, 1478, 1481, 1486, 1488, 1785, 1796)
c(1081, 1094, 1100, 1115, 1125, 1126, 1144, 1415, 1459)
c(1467, 1468, 1478, 1481, 1482)
c(1107, 1124, 1176, 1178, 1189, 1195, 1229, 1336, 1340, 1453, 2367)
c(1127, 1231, 1240, 1241, 1242, 1460, 1463, 2352, 2365, 2371)
c(1460, 1461, 2354, 2364, 2366)
c(1469, 1476, 1481, 1482, 1486, 1488, 1489)
c(1079, 1475, 1486, 1489)
c(1083, 1462, 1479, 1490, 1496)
c(1467, 1469, 1471, 1481, 1785, 1798)
c(1468, 1477, 1490, 1496, 1628, 1921)
c(1007, 1460, 1461, 1463, 1485, 1504, 2366)
c(1469, 1471, 1475, 1478, 1482)
c(1468, 1471, 1475, 1481, 1489, 1490)
c(1011, 1131, 1224, 1226, 1234, 1497)
c(1223, 1494, 1497, 1967)
c(1007, 1009, 1018, 1028, 1480, 1491, 1504)
c(1469, 1475, 1476, 1488)
c(1011, 1497, 1498)
c(1469, 1475, 1486, 1796, 1799)
c(1079, 1462, 1475, 1476, 1482, 1490)
c(1462, 1468, 1477, 1479, 1482, 1489)
c(1028, 1485, 1504)
c(1012, 1403, 1495, 1505, 1506, 2419)
c(1012, 1404, 1407, 1414, 1495, 1506)
c(341, 1223, 1233, 1251, 1484, 1497, 1831, 1967)
c(1012, 1492, 1493, 1506)
c(1083, 1477, 1479, 1921, 1932)
c(1011, 1233, 1234, 1483, 1484, 1487, 1494)
c(1008, 1011, 1022, 1028, 1487)
c(1216, 1340, 1351, 1382, 1442, 1466)
c(1338, 1357, 1385, 1386, 1503)
c(1345, 1358, 1386, 1392, 1429, 1503, 1885)
c(1362, 1368, 1369, 1372, 1377)
c(543, 1336, 1337, 1350, 1367, 1385, 1386, 1392, 1500, 1501, 2367)
c(1480, 1485, 1491)
c(1492, 1506, 2152, 2416, 2419)
c(1404, 1492, 1493, 1495, 1505, 2152, 2340, 2424)
c(54, 694, 717, 728, 755, 1514, 1516, 1518, 1874)
c(59, 719, 728, 761, 1264, 1509, 1511, 1518)
c(646, 719, 720, 737, 1264, 1508)
c(701, 708, 1809, 1865)
c(59, 728, 744, 1508, 1518)
c(48, 50, 758, 765, 1855, 1856)
c(62, 723, 734, 758, 1517, 1855, 1856, 1862)
c(717, 721, 760, 1507, 1516, 1874)
c(639, 723, 1858, 1862, 1869, 1873, 1877)
c(49, 717, 722, 733, 760, 1507, 1514)
c(62, 715, 758, 1513, 1530, 1856)
c(54, 717, 728, 1264, 1313, 1507, 1508, 1511)
c(40, 652, 658, 713, 732, 1271, 1315, 1876)
c(699, 714, 1270, 1658, 1995, 2031)
c(638, 644, 710, 715, 758, 1530)
c(724, 1267, 1279, 1867)
c(815, 816, 1525, 1529, 1538, 1555, 1585)
c(806, 815, 1528, 1529)
c(816, 1523, 1535, 1538)
c(5, 8, 11, 15, 818, 1527, 2307, 2309, 2329, 2648)
c(15, 807, 1526, 1545, 2329)
c(6, 770, 806, 1524, 1529, 1585)
c(815, 1523, 1524, 1528, 1585)
c(62, 710, 715, 758, 1517, 1521)
c(21, 1534, 1541, 1544, 1619, 2319, 2358)
c(1533, 1618, 1619, 1671)
c(1532, 1534, 1546, 1618, 1619)
c(1531, 1533, 1536, 1537, 1544, 1546, 1618, 1619)
c(816, 1525, 1538)
c(1534, 1537, 1540, 1546, 1554)
c(1534, 1536, 1544, 1554, 1796)
c(816, 1523, 1525, 1535, 1756)
c(21, 71, 1541, 1542, 1544, 1795, 1798)
c(1536, 1543, 1546, 1551, 1554, 2363)
c(21, 1531, 1539, 1544)
c(1539, 1544, 1785, 1795, 1798)
c(1540, 1546, 1618, 2363, 2369, 2372)
c(1531, 1534, 1537, 1539, 1541, 1542, 1785, 1796)
c(807, 815, 1527, 1555, 2323, 2326, 2329)
c(1533, 1534, 1536, 1540, 1543, 1618)
c(24, 1548, 2591)
c(24, 1547, 1558)
c(36, 37, 1552)
c(42, 1553, 1560, 2629)
c(1258, 1540, 1554, 2363)
c(35, 36, 172, 421, 550, 1549, 1559)
c(42, 1550, 1559, 2647)
c(1536, 1537, 1540, 1551, 1796)
c(815, 816, 817, 1523, 1545, 1556, 2310, 2326, 2599, 2651)
c(1555, 2304, 2310, 2313, 2326, 2611, 2649, 2650)
c(34, 35)
c(24, 43, 1548)
c(36, 1552, 1553, 1560)
c(35, 1550, 1559)
c(1917)
c(437, 1821, 1826, 1911)
c(219, 220, 228, 1815, 1952)
c(876, 878, 1065, 1450, 1895)
c(1579)
c(1576, 1580, 1624)
c()
c(1839, 1853)
c(1578)
c(869, 871, 1571, 1572, 1601)
c(869, 871, 1570, 1572, 1601)
c(868, 871, 1570, 1571, 1600, 1601, 1680, 1685)
c()
c(1806)
c()
c(1566)
c(33)
c(39, 1569, 1588, 1624)
c(1565)
c(1566)
c(800, 803, 1582, 1596, 1620, 1893)
c(645, 1581, 1607, 1620)
c(630, 634, 741, 789, 1075, 1592, 1593)
c(1074, 1120, 1122)
c(770, 1523, 1528, 1529)
c(794, 797, 802, 804, 811, 812, 1587, 1614)
c(794, 797, 803, 1586, 1610, 1611)
c(1578)
c(875, 1595, 1604, 1686, 1687)
c(791, 875, 1591, 1594, 1599, 1604, 1608, 2247)
c(791, 875, 1590, 1604)
c(786, 787, 1075, 1156, 1158, 1583, 1593)
c(786, 788, 789, 1157, 1583, 1592)
c(1590, 1597, 1598, 1599, 1603, 1604)
c(868, 1589, 1598, 1604, 1680, 1686)
c(803, 1581, 1610, 1620)
c(1438, 1594, 1598, 1602, 1603)
c(1438, 1594, 1595, 1597, 1604, 1612, 1680)
c(1590, 1594, 1603, 1604, 1608, 2247, 2410)
c(1204, 1325, 1438, 1572, 1601, 1612, 1680)
c(869, 870, 1205, 1325, 1570, 1571, 1572, 1600, 2245)
c(1204, 1438, 1597, 1603, 2407)
c(1594, 1597, 1599, 1602, 2407, 2410)
c(875, 1589, 1590, 1591, 1594, 1595, 1598, 1599)
c(814, 1607, 1620, 2456)
c(1610, 1611, 1620, 2456)
c(814, 1582, 1605, 1620, 2456)
c(1590, 1599, 1609, 2247)
c(1608, 2247)
c(803, 1587, 1596, 1606, 1611, 1620)
c(794, 1587, 1606, 1610)
c(1438, 1598, 1600, 1680)
c(810, 811, 1614, 1615, 1628)
c(804, 811, 1586, 1613, 1615)
c(1613, 1614, 1628, 1663)
c(798, 799, 1199, 1406, 1919)
c(798, 805, 808, 809, 819, 1199, 1209, 1214, 1396)
c(1532, 1533, 1534, 1543, 1546, 1671, 2369, 2374)
c(1531, 1532, 1533, 1534, 1665, 1671, 2358, 2442)
c(1581, 1582, 1596, 1605, 1606, 1607, 1610, 2456)
c(656, 694, 721, 1316)
c(636, 651, 729, 735, 764, 1277)
c(48, 50, 631, 763, 1278)
c(39, 1566, 1578)
c()
c(41, 693, 1866)
c(736, 743, 744, 1263, 1279)
c(798, 799, 808, 810, 1468, 1479, 1613, 1615, 1653, 1663, 1914, 1921, 1931)
c(1634, 1645, 1690, 2005, 2054, 2055, 2063, 2072, 2087)
c(1652, 1695, 1733, 2078)
c(1637, 2006, 2080, 2094)
c(1688, 2008, 2052, 2055)
c(1635, 1650, 1701, 1742, 1743)
c(1629, 1645, 2049, 2051, 2054)
c(1633, 1642, 1650, 1701, 1707, 1727, 1748, 2048)
c(1645, 1706, 2017, 2042, 2046, 2049, 2050)
c(1631, 1712, 1738, 2006, 2041, 2088, 2089, 2094)
c(1698, 1700, 1726, 2001, 2074)
c(1718, 1737, 2026, 2068, 2074)
c(1693, 1696, 1698, 1718, 1734, 2074, 2075, 2076)
c(1697, 1731, 1734, 2009, 2039)
c(1635, 1727, 1748, 2005)
c(1644, 1650, 1707, 1740, 1745, 2045, 2046, 2047)
c(78, 1643, 1742, 1745, 1981, 2045)
c(1629, 1634, 1636, 1707, 1727, 2005, 2046, 2049)
c(1647, 1699, 1729, 2081, 2092)
c(1646, 1649, 1728, 1729, 2035, 2036, 2081)
c(1703, 1996, 2008, 2010, 2029, 2033)
c(1647, 1702, 1721, 1728, 2036)
c(1633, 1635, 1643, 1707, 1727, 1742, 1745)
c(1724, 1741, 1995, 2003)
c(1630, 1695, 1975, 2077, 2078)
c(813, 1467, 1468, 1628, 1663, 1664, 1786)
c(507, 1177, 1181, 1182, 2454, 2457)
c(829, 1268, 2670)
c(1688, 1720, 1744, 1747, 2052, 2061, 2062)
c(1741, 1750, 1984, 2660)
c(702, 1270, 1520, 1659, 1723, 1733, 1734, 1749, 2031, 2078, 2079)
c(1658, 1723, 1734, 2079)
c(1666, 1668, 1669, 1673, 1674, 1675, 1676, 2363, 2372)
c(506, 508, 1662, 1670, 2679)
c(506, 507, 1661, 1670, 2457)
c(1615, 1628, 1653, 1664, 1677)
c(12, 22, 769, 813, 1653, 1663, 1677, 1679)
c(1619, 1668, 1671, 1678, 2442)
c(1660, 1668, 1669, 1678, 2333, 2444)
c(1676, 2330, 2333, 2360, 2362, 2379)
c(1660, 1665, 1666, 1671, 1675, 1678)
c(1660, 1666, 1676, 2333)
c(34, 506, 1170, 1180, 1661, 1662, 2457)
c(1532, 1618, 1619, 1665, 1668, 1674, 1675, 2374)
c(792, 865, 871, 1681, 1682, 1685)
c(1660, 1674, 2369, 2372, 2374)
c(1660, 1671, 1673, 1675, 2369, 2374)
c(1660, 1668, 1671, 1674, 2374)
c(1660, 1667, 1669, 2333, 2363, 2379)
c(768, 769, 1663, 1664, 1679)
c(1665, 1666, 1668, 2442, 2444)
c(12, 14, 769, 1664, 1677)
c(868, 1572, 1595, 1598, 1600, 1612)
c(871, 1672, 1682, 2385, 2388)
c(792, 1672, 1681, 2385)
c(666, 2248)
c(661, 790, 873, 874)
c(865, 868, 871, 1572, 1672, 1686)
c(865, 868, 1589, 1595, 1685, 1687)
c(865, 875, 1589, 1686)
c(1632, 1656, 1744, 2008, 2010, 2014, 2052)
c(1705, 1709, 1710, 1715, 2030, 2072, 2087)
c(1629, 1705, 1719, 2028, 2063, 2087)
c(1726, 1736, 1737, 2073, 2081, 2091)
c(1713, 1716, 2018, 2082, 2083)
c(1640, 1734, 2022, 2065, 2066, 2076)
c(1732, 1738, 2035, 2088)
c(1630, 1652, 1711, 1725, 1733)
c(1640, 1718, 1731, 1734)
c(1641, 1716, 2009, 2039, 2083)
c(1638, 1640, 2074, 2075, 2076)
c(1646, 1720, 1729, 2057, 2061, 2092)
c(1638, 1726, 1730, 2001)
c(107, 1633, 1635, 1743, 1748, 2025, 2048)
c(1649, 1721, 1728, 2050, 2051, 2052, 2053)
c(1648, 1998, 2010, 2014, 2033)
c(1717, 2024, 2032)
c(1689, 1690, 1719, 2007, 2030, 2087)
c(1636, 1740, 2042, 2043, 2044, 2045, 2046, 2047, 2094)
c(1635, 1643, 1645, 1650, 1727, 2046, 2047)
c(1746, 2025)
c(1689, 1710, 1715, 2024, 2030)
c(1689, 1709, 1715, 2024, 2032, 2033, 2034)
c(1695, 1722, 1724, 1725, 1733, 1735, 1975)
c(1637, 1738, 1739, 1989, 2006)
c(1692, 1714, 1716, 2018)
c(1713, 1716, 2018, 2027)
c(1689, 1709, 1710, 1996, 2029, 2033, 2072)
c(1692, 1697, 1713, 1714, 1723, 2009, 2027, 2083)
c(649, 1704, 2019, 2020, 2024, 2032)
c(1639, 1640, 1696, 1731, 2039, 2068, 2074)
c(1690, 1705, 2007, 2025, 2028, 2063, 2087)
c(1656, 1699, 1729, 2052, 2061)
c(1649, 1702, 2036, 2040, 2050, 2051)
c(1711, 1735, 1750)
c(702, 1658, 1659, 1716, 1734, 2009, 2027)
c(1651, 1711, 1725, 1735, 1741, 2003)
c(1695, 1711, 1724, 1733, 1749, 2003)
c(1638, 1691, 1700, 1730, 1736, 1738, 2073, 2074)
c(1635, 1642, 1645, 1650, 1707, 1748, 2005)
c(1647, 1649, 1702, 1729, 2052)
c(1646, 1647, 1699, 1720, 1728, 2052)
c(1700, 1726, 1738, 1739, 1985)
c(1641, 1696, 1718, 1734, 2039)
c(1694, 1736, 1738, 1751, 2035)
c(1630, 1658, 1695, 1711, 1725, 1749, 2078, 2079)
c(1640, 1641, 1658, 1659, 1693, 1696, 1723, 1731, 2009, 2022, 2064, 2079)
c(1711, 1722, 1724, 1741, 1750)
c(1691, 1726, 1732, 1738, 1751, 2073, 2081)
c(1639, 1691, 2004, 2026, 2073, 2074, 2091)
c(1637, 1694, 1712, 1726, 1730, 1732, 1736, 1739, 2088)
c(1712, 1730, 1738)
c(1643, 1706, 2045, 2047)
c(1651, 1657, 1724, 1735, 1750, 1990, 1991)
c(1633, 1644, 1650, 1745)
c(247, 1633, 1701)
c(1656, 1688, 1747, 2011, 2014, 2062, 2086)
c(1643, 1644, 1650, 1742)
c(1708, 2000, 2007, 2025)
c(1656, 1744, 2062)
c(1635, 1642, 1701, 1727, 2005, 2048, 2063)
c(1658, 1725, 1733, 2003, 2031)
c(1657, 1722, 1735, 1741, 2660)
c(1732, 1736, 2035, 2081)
c(840, 843, 937, 1753)
c(821, 843, 1309, 1752, 1755, 1756)
c()
c(1753, 1756)
c(821, 1538, 1753, 1755, 1757)
c(272, 821, 1756, 1759, 1805)
c(880, 1765, 2614)
c(880, 1757, 1805)
c(848, 851, 988, 989, 1764, 1767)
c()
c(1984)
c(880, 974, 975, 1984)
c(944, 988, 1760)
c(880, 1758)
c(925, 953, 1767, 1771)
c(851, 943, 953, 1760, 1766, 2594)
c(545, 1089, 1121, 1871, 1883)
c(540, 1776, 1779, 1780, 1783)
c(106, 752, 1097, 1116, 1151, 1152, 1154, 1164, 1165, 1780, 1782, 1783, 1911, 1943, 2676)
c(238, 909, 910, 925, 1766, 1773)
c(1773, 1774)
c(238, 909, 1771, 1772)
c(947, 982, 1772, 1775)
c(253, 820, 982, 1774)
c(323, 333, 334, 526, 534, 540, 547, 1154, 1166, 1452, 1769, 1779, 1781)
c(664, 1081, 1086, 1787, 1790)
c(1784, 1789, 1791, 1797)
c(1109, 1192, 1211, 1339, 1452, 1769, 1776, 1780, 1782)
c(1769, 1770, 1779, 1782, 1783)
c(526, 534, 538, 544, 1776)
c(1097, 1109, 1770, 1779, 1780)
c(540, 1164, 1769, 1770, 1780)
c(279, 1071, 1073, 1085, 1778, 1788, 1789, 1791)
c(1469, 1478, 1542, 1544, 1796, 1798)
c(87, 813, 1467, 1653, 1795, 1798)
c(664, 1071, 1072, 1086, 1777, 1790)
c(1071, 1081, 1085, 1784, 1789, 1790, 1797)
c(279, 280, 281, 1084, 1085, 1092, 1778, 1784, 1788, 1791, 1797)
c(1071, 1081, 1777, 1787, 1788)
c(1073, 1074, 1111, 1778, 1784, 1789, 1797)
c(929, 934, 1300, 1794, 1807, 2464)
c(887, 935, 1807, 1841)
c(934, 957, 986, 1300, 1792, 1838)
c(71, 87, 1539, 1542, 1786, 1798)
c(1469, 1488, 1537, 1544, 1554, 1785, 1799)
c(1081, 1111, 1163, 1459, 1778, 1788, 1789, 1791)
c(1467, 1478, 1539, 1542, 1785, 1786, 1795)
c(1488, 1796)
c(266, 1803, 1808, 1809, 1810)
c(239, 930, 1802, 1804)
c(239, 1801)
c(266, 1800, 1810, 1811)
c(239, 259, 930, 962, 965, 1308, 1801)
c(272, 880, 1757, 1759)
c(240, 890, 1574, 1811, 1847)
c(929, 935, 1792, 1793)
c(232, 239, 266, 273, 964, 1800, 1809)
c(239, 701, 1263, 1510, 1800, 1808)
c(736, 1800, 1803, 1811)
c(240, 266, 271, 1803, 1806, 1810)
c(961, 963, 1848, 1849)
c(1816, 1819)
c(68, 1817, 1917, 1965)
c(145, 146, 228, 229, 231, 1563, 1952)
c(128, 155, 1813)
c(67, 68, 69, 73, 79, 1814, 1965)
c(1907, 1910)
c(233, 236, 241, 242, 243, 1813)
c(73, 107, 108, 109, 208, 245, 247)
c(314, 1562, 1826, 1834)
c(329, 1973)
c(314, 315, 329, 1834, 1966)
c(1232, 1970)
c(315, 329, 485, 1959)
c(314, 437, 1246, 1562, 1821, 1966)
c(1828, 1959)
c(1827, 1959, 1962)
c(341, 342, 343, 1250, 1251, 1832, 1972)
c(1832, 1833, 1836, 1861)
c(340, 341, 1223, 1232, 1251, 1494, 1837)
c(342, 1239, 1246, 1829, 1830, 1861, 1972)
c(1830, 1835)
c(315, 535, 1821, 1823, 1860, 1969)
c(329, 1833, 1861, 1966, 1968)
c(1139, 1250, 1830, 1968, 1972)
c(340, 343, 1139, 1223, 1232, 1831, 1970)
c(837, 986, 1794, 2659)
c(680, 940, 1004, 1568, 1850, 1853)
c(844, 1001, 1275)
c(1793)
c(1310)
c(627, 902, 1306, 1981)
c(859, 969, 1286, 1287, 1310, 1845)
c(1286, 1844, 2659)
c(1850)
c(39, 240, 890, 961, 1806, 1849)
c(963, 1812, 1849, 1851)
c(961, 1812, 1847, 1848)
c(680, 688, 1004, 1839, 1846, 1851)
c(38, 683, 685, 688, 963, 1004, 1848, 1850)
c(940)
c(38, 940, 1568, 1839)
c(44, 50, 51, 726, 727, 1278)
c(50, 639, 727, 734, 1512, 1513, 1856)
c(734, 758, 1512, 1513, 1517, 1855)
c(51, 61, 711, 726, 731, 762)
c(639, 648, 723, 1515, 1863, 1869)
c()
c(1834)
c(329, 1246, 1830, 1832, 1835, 1966)
c(45, 62, 723, 1312, 1513, 1515, 1877)
c(648, 657, 767, 1314, 1858, 1864, 1869)
c(656, 657, 694, 744, 1314, 1316, 1863, 1867, 1869)
c(699, 701, 708, 756, 1270, 1510, 1875)
c(40, 41, 693, 716, 1266, 1317, 1626)
c(694, 724, 732, 744, 1267, 1315, 1522, 1864, 1868, 1869, 1873)
c(712, 732, 1315, 1867, 1873, 1877)
c(1515, 1858, 1863, 1864, 1867, 1873, 1877)
c(415, 1880, 2446, 2449, 2459)
c(789, 796, 1089, 1145, 1148, 1768, 1883, 1884)
c(1878, 1881, 1883, 1893)
c(712, 1515, 1867, 1868, 1869, 1877)
c(694, 721, 755, 1507, 1514)
c(708, 756, 757, 1865)
c(40, 652, 707, 716, 1271, 1519)
c(45, 712, 1312, 1515, 1862, 1868, 1869, 1873)
c(1872, 1893)
c(307, 2109, 2113, 2124, 2126, 2145, 2228, 2229, 2234, 2335, 2501)
c(415, 1870, 2315, 2449)
c(1872, 1883)
c(8, 1886, 2470, 2473)
c(1121, 1134, 1768, 1871, 1872, 1881, 1884)
c(796, 800, 1871, 1883, 1893)
c(337, 525, 1345, 1352, 1355, 1358, 1363, 1365, 1366, 1429, 1501)
c(8, 1882, 2311, 2357, 2450)
c(90, 102, 478, 479, 486, 487)
c(1091, 1101, 1108, 1135, 1227)
c(632, 633, 748, 749, 1920, 1921, 1932)
c(1135, 1136, 1153, 1198)
c(523, 524, 1894, 2112, 2115, 2118, 2663)
c(662)
c(800, 1581, 1872, 1878, 1884)
c(523, 1891, 2105, 2116, 2118, 2119, 2122)
c(667, 876, 1065, 1564)
c(1909)
c(504, 531, 1908)
c(1899, 1909)
c(1898, 1909, 1964)
c(504, 531, 532, 1903)
c(629, 1197, 1198, 1227)
c(308, 313, 517, 531, 1903, 1904)
c(517, 518, 531, 1900, 1902)
c(65, 182, 406, 504, 1902, 1908)
c(504, 1907, 1908, 1910)
c(518)
c(504, 532, 1818, 1905, 1908, 1910)
c(65, 504, 505, 514, 516, 1897, 1904, 1905, 1907, 1910)
c(1896, 1898, 1899, 1951, 1954, 1964)
c(514, 1818, 1905, 1907, 1908)
c(437, 1154, 1165, 1562, 1770, 1969)
c(283, 293, 294, 1915, 1916, 1923, 1924)
c(288, 289, 703, 1916, 1924)
c(799, 1628, 1919, 1931)
c(117, 1912, 1916, 1923)
c(703, 1912, 1913, 1915, 1924)
c(68, 107, 1561, 1814, 1965)
c(632, 1919, 1920, 1921, 1922, 1925, 1931)
c(799, 1406, 1616, 1914, 1918, 1925, 1931)
c(632, 633, 1889, 1918, 1922, 1925)
c(632, 1479, 1496, 1628, 1889, 1918, 1931, 1932)
c(632, 1918, 1920, 1925)
c(114, 117, 283, 1912, 1915, 1936)
c(274, 289, 293, 1912, 1913, 1916)
c(633, 1202, 1406, 1918, 1919, 1920, 1922)
c(668, 785, 1930, 1933, 1934, 1939, 1940, 1947)
c(1929, 1930, 1939, 1940, 1941, 2232)
c(31, 1933, 1934, 1947, 2154, 2156)
c(674, 775, 1927, 1939, 1941)
c(1926, 1927, 1934, 1940, 1948, 2232, 2235, 2236)
c(1628, 1914, 1918, 1919, 1921)
c(635, 748, 1083, 1496, 1889, 1921)
c(31, 668, 1926, 1928, 1934, 1947, 2136, 2156)
c(1926, 1928, 1930, 1933, 1937, 1938, 1947, 1948, 2154, 2157)
c(1938, 1948, 2236, 2239, 2242)
c(114, 116, 283, 750, 753, 1923)
c(471, 490, 491, 1934, 1938, 1948, 2154, 2157)
c(367, 470, 471, 490, 1934, 1935, 1937, 1948, 2242)
c(775, 784, 785, 1926, 1927, 1929, 1940)
c(1926, 1927, 1930, 1939)
c(674, 675, 774, 1927, 1929, 2232)
c(630, 634, 1945, 1955, 1957)
c(752, 1096, 1099, 1110, 1116, 1770, 1946, 1949, 1956, 2675, 2676)
c(295, 296, 750, 1945, 1949, 1955)
c(296, 1942, 1944, 1955, 1957)
c(640, 642, 643, 1943, 1949, 2675)
c(668, 1926, 1928, 1933, 1934)
c(1930, 1934, 1935, 1937, 1938, 2236)
c(118, 629, 643, 750, 753, 1208, 1227, 1943, 1944, 1946, 1955, 1956)
c(85, 1963, 2471)
c(372, 373, 375, 675, 774, 1909)
c(146, 233, 242, 1563, 1815)
c(376, 1964)
c(377, 1909, 2232, 2261)
c(629, 630, 634, 1184, 1942, 1944, 1945, 1949)
c(1110, 1208, 1943, 1949)
c(295, 296, 634, 739, 740, 741, 751, 1942, 1945)
c()
c(485, 1244, 1825, 1827, 1828, 1962)
c(1965)
c(343, 1971)
c(1244, 1249, 1828, 1959)
c(1950, 2462, 2463, 2471)
c(376, 1899, 1909, 1953)
c(73, 1814, 1817, 1917, 1960)
c(314, 329, 1823, 1826, 1835, 1861)
c(1223, 1232, 1484, 1494)
c(1244, 1835, 1836, 1973)
c(535, 537, 1165, 1834, 1911)
c(1232, 1824, 1837)
c(1961)
c(1250, 1829, 1832, 1836)
c(1139, 1244, 1249, 1822, 1968)
c(613, 967, 1977, 1980, 2021, 2067)
c(690, 970, 1652, 1711, 1976, 1979, 2077)
c(970, 976, 977, 983, 1975, 1983)
c(613, 916, 992, 1974)
c(916, 1994)
c(567, 690, 925, 967, 1975, 1980, 2021, 2077)
c(967, 1974, 1979, 2021, 2077)
c(627, 913, 1305, 1644, 1843, 1982, 2045)
c(913, 933, 1981, 1986, 2045, 2095)
c(980, 983, 1976, 2660)
c(270, 944, 975, 1657, 1762, 1763, 1990, 2660)
c(616, 917, 1730, 1987, 2002)
c(933, 1982, 1992)
c(917, 1985, 2001)
c(994, 1989, 1993)
c(978, 1712, 1988, 2658)
c(850, 853, 854, 880, 974, 975, 1741, 1984, 1991)
c(259, 699, 853, 1741, 1990, 1995)
c(933, 1986, 1993)
c(912, 933, 1298, 1988, 1992, 2080, 2095)
c(579, 916, 951, 979, 992, 1978, 2001)
c(714, 1520, 1651, 1991, 2003, 2031)
c(1648, 1715, 2008, 2029, 2055, 2072)
c(665, 1999, 2013, 2015, 2020, 2086)
c(1703, 2014, 2015, 2033, 2034, 2086)
c(1997, 2013, 2019, 2020)
c(1746, 2007, 2024)
c(923, 1638, 1700, 1987, 1994)
c(616, 917, 1985)
c(1651, 1724, 1725, 1749, 1995, 2031)
c(1737, 2026, 2069, 2091)
c(1629, 1642, 1645, 1727, 1748, 2063)
c(1631, 1637, 1712)
c(1705, 1719, 1746, 2000, 2024, 2025, 2028, 2030)
c(1632, 1648, 1688, 1996, 2010, 2014, 2055, 2072)
c(1641, 1697, 1716, 1723, 1734)
c(1648, 1688, 1703, 2008, 2014)
c(1744, 2012, 2023, 2062, 2086)
c(2011, 2023, 2086)
c(1997, 1999, 2015, 2019, 2020, 2032, 2034)
c(1688, 1703, 1744, 1998, 2008, 2010, 2086)
c(1997, 1998, 2013, 2034, 2086)
c(2041, 2043, 2093, 2094)
c(1636, 2040, 2042, 2043, 2050)
c(41, 1266, 1692, 1713, 1714, 2027, 2082)
c(1717, 1999, 2013, 2020, 2032)
c(649, 665, 1717, 1997, 1999, 2013, 2019)
c(1974, 1979, 1980, 2064, 2067, 2077)
c(1693, 1734, 2064, 2066, 2067)
c(2011, 2012, 2058, 2059, 2062, 2071, 2086)
c(1704, 1709, 1710, 1717, 2000, 2007, 2030, 2032)
c(1701, 1708, 1719, 1746, 2007, 2028, 2048, 2063)
c(1639, 1737, 2004, 2068, 2069)
c(702, 1266, 1714, 1716, 1723, 2018)
c(1690, 1719, 2007, 2025, 2063)
c(1648, 1715, 1996, 2033, 2072)
c(1689, 1705, 1709, 2007, 2024)
c(1520, 1658, 1749, 1995, 2003)
c(1704, 1710, 1717, 2013, 2019, 2024, 2034)
c(1648, 1703, 1710, 1715, 1998, 2029, 2034)
c(1710, 1998, 2013, 2015, 2032, 2033)
c(1647, 1694, 1732, 1751, 2036, 2037, 2081, 2088, 2089)
c(1647, 1649, 1721, 2035, 2037, 2040)
c(2035, 2036, 2040, 2041, 2089)
c(2068, 2070, 2082, 2083, 2090, 2091, 2092)
c(1641, 1697, 1718, 1731, 2068, 2083)
c(1721, 2017, 2036, 2037, 2041, 2043, 2050)
c(1637, 2016, 2037, 2040, 2043, 2089, 2093, 2094)
c(1636, 1706, 2017, 2043, 2046)
c(1706, 2016, 2017, 2040, 2041, 2042, 2044, 2093, 2094)
c(1706, 2043, 2045, 2080, 2094, 2095)
c(1643, 1644, 1706, 1740, 1981, 1982, 2044, 2095)
c(1636, 1643, 1645, 1706, 1707, 2042, 2047, 2049)
c(1643, 1706, 1707, 1740, 2046)
c(1635, 1701, 1748, 2025, 2063)
c(1634, 1636, 1645, 2046, 2050, 2051)
c(1636, 1702, 1721, 2017, 2040, 2049, 2051)
c(1634, 1702, 1721, 2049, 2050, 2053, 2054, 2055)
c(1632, 1656, 1688, 1702, 1720, 1728, 1729, 2053, 2055)
c(1702, 2051, 2052, 2054, 2055)
c(1629, 1634, 2051, 2053, 2055)
c(1629, 1632, 1996, 2008, 2051, 2052, 2053, 2054, 2072)
c(2057, 2058, 2059, 2060, 2070, 2071, 2090)
c(1699, 2056, 2058, 2061, 2090, 2092)
c(2023, 2056, 2057, 2061, 2062, 2071)
c(2023, 2056, 2060, 2071, 2084, 2086)
c(2056, 2059, 2082, 2084, 2090)
c(1656, 1699, 1720, 2057, 2058, 2062)
c(1656, 1744, 1747, 2011, 2023, 2058, 2061)
c(1629, 1690, 1719, 1748, 2005, 2025, 2028, 2048)
c(1734, 2021, 2022, 2067, 2077, 2079)
c(1693, 2066, 2067, 2076)
c(1693, 2022, 2065, 2067)
c(1974, 2021, 2022, 2064, 2065, 2066)
c(1639, 1718, 2026, 2038, 2039, 2069)
c(2004, 2026, 2068, 2091)
c(2038, 2056, 2082, 2090)
c(2023, 2056, 2058, 2059)
c(1629, 1689, 1715, 1996, 2008, 2029, 2055, 2087)
c(1691, 1726, 1736, 1737, 2074)
c(1638, 1639, 1640, 1698, 1718, 1726, 1737, 2073)
c(1640, 1698, 2076)
c(1640, 1693, 1698, 2065, 2075)
c(1652, 1975, 1979, 1980, 2021, 2064, 2078, 2079)
c(1630, 1652, 1658, 1733, 2077, 2079)
c(1658, 1659, 1733, 1734, 2064, 2077, 2078)
c(1631, 1993, 2044, 2094, 2095)
c(1646, 1647, 1691, 1736, 1751, 2035, 2091, 2092)
c(41, 1692, 2018, 2038, 2060, 2070, 2083, 2084)
c(1692, 1697, 1716, 2038, 2039, 2082)
c(41, 63, 2059, 2060, 2082, 2085, 2086)
c(63, 665, 709, 730, 2084, 2086)
c(665, 1744, 1997, 1998, 2011, 2012, 2014, 2015, 2023, 2059, 2084, 2085)
c(1629, 1689, 1690, 1705, 1719, 2072)
c(1637, 1694, 1738, 2035, 2089)
c(1637, 2035, 2037, 2041, 2088)
c(2038, 2056, 2057, 2060, 2070, 2092)
c(1691, 1737, 2004, 2038, 2069, 2081, 2092)
c(1646, 1699, 2038, 2057, 2081, 2090, 2091)
c(2016, 2041, 2043)
c(1631, 1637, 1706, 2016, 2041, 2043, 2044, 2080)
c(1982, 1993, 2044, 2045, 2080)
c(2130, 2228, 2229, 2230, 2500, 2502)
c(2104, 2108, 2111, 2114, 2265, 2278)
c(1048, 1049, 1051, 1061, 2209, 2222, 2223)
c(670, 673, 2101, 2102, 2491, 2495, 2504)
c(2103, 2106, 2217, 2275, 2284, 2488)
c(2099, 2102, 2480, 2482, 2492, 2494, 2495)
c(660, 673, 2099, 2101, 2149, 2480)
c(2100, 2106, 2284, 2287, 2478, 2481, 2488)
c(2097, 2107, 2265, 2278, 2279)
c(523, 542, 1894, 2116, 2119, 2133, 2280, 2283)
c(2100, 2103, 2217, 2474, 2477, 2488)
c(2104, 2110, 2279, 2282, 2285)
c(2097, 2114, 2265)
c(306, 307, 1879, 2234, 2338)
c(523, 2107, 2280, 2285, 2663, 2664)
c(2097, 2114, 2272, 2277)
c(524, 1891, 2118, 2123, 2144, 2666)
c(1879, 2118, 2123, 2126, 2231, 2335)
c(2097, 2108, 2111, 2265, 2276, 2277, 2286)
c(1891)
c(1894, 2105, 2119, 2131, 2133, 2328, 2339, 2342, 2475)
c(2215, 2218, 2336, 2337)
c(1891, 1894, 2112, 2113, 2120, 2122, 2123, 2231)
c(1894, 2105, 2116, 2122, 2125, 2328, 2342)
c(2118, 2122, 2203, 2206, 2231)
c(2132, 2134, 2138, 2141, 2217, 2275)
c(1894, 2118, 2119, 2120, 2125, 2203)
c(2112, 2113, 2118, 2126, 2144, 2155, 2158)
c(1879, 2127, 2145, 2229, 2501)
c(2119, 2122, 2203, 2342)
c(1879, 2113, 2123, 2158)
c(2124, 2130, 2229, 2501)
c(2131, 2162, 2279, 2284, 2286, 2287, 2475, 2478)
c(371, 502, 1032, 1045, 1046, 2142)
c(2096, 2127, 2229, 2500, 2501, 2502)
c(2116, 2128, 2133, 2162, 2339, 2475)
c(2121, 2134, 2135, 2141)
c(2105, 2116, 2131, 2162, 2280)
c(2121, 2132, 2135, 2272, 2275)
c(2132, 2134, 2141, 2480, 2491, 2504)
c(64, 668, 1933, 2146, 2148, 2156, 2159)
c(31, 2147, 2150, 2157, 2221, 2476, 2478, 2481)
c(2121, 2141, 2217, 2474, 2487)
c(1031, 2140, 2142, 2264)
c(1031, 1032, 1042, 2139, 2143, 2264, 2274)
c(2121, 2132, 2135, 2138, 2474, 2480, 2487, 2491, 2493)
c(371, 1031, 1045, 2129, 2139, 2264)
c(1032, 1042, 2140)
c(2112, 2123, 2155, 2666)
c(1879, 2124, 2501)
c(64, 668, 784, 785, 2136, 2149, 2479, 2480)
c(2137, 2148, 2150, 2159, 2481)
c(64, 2136, 2147, 2159, 2481, 2488)
c(660, 784, 2102, 2146, 2480)
c(31, 2137, 2147, 2156, 2159)
c(2, 2490, 2499, 2507, 2508, 2509)
c(26, 27, 30, 1505, 1506, 2416, 2421, 2424, 2429, 2431, 2433, 2435)
c(30, 2416, 2418, 2423)
c(31, 1928, 1934, 1937, 2157)
c(2123, 2144, 2665, 2666)
c(31, 668, 1928, 1933, 2136, 2150, 2159)
c(31, 490, 491, 1047, 1934, 1937, 2137, 2154, 2221)
c(2123, 2126)
c(2136, 2147, 2148, 2150, 2156)
c(2194, 2291, 2293, 2294)
c(1366, 2172, 2174)
c(2128, 2131, 2133, 2279, 2280)
c(1041, 1050, 1053, 1054, 2164, 2166, 2167, 2170, 2281)
c(1037, 1038, 1039, 2163, 2166, 2170, 2281)
c(1023, 1026, 1034, 1040, 1041, 1060)
c(1039, 1050, 2163, 2164, 2281)
c(1041, 2163, 2170)
c(1203, 1352, 1363, 2171, 2174)
c(364, 1114, 1230, 2180, 2182, 2271)
c(1023, 1034, 1037, 1041, 2163, 2164, 2167)
c(1063, 1203, 2168, 2174, 2175, 2178, 2298)
c(326, 337, 1366, 2161, 2174, 2175)
c(1206, 1446, 1449, 2178, 2298)
c(1363, 1366, 2161, 2168, 2171, 2172, 2175)
c(326, 1063, 1329, 1332, 2171, 2172, 2174)
c(364, 2179, 2181, 2182, 2191, 2194, 2257, 2268, 2270, 2293)
c(356, 1230, 2180, 2190)
c(1063, 1064, 1444, 1447, 1449, 2171, 2173, 2298)
c(2176, 2181, 2183, 2187, 2189, 2194, 2292, 2295)
c(364, 1230, 2169, 2177, 2182, 2186, 2190)
c(2176, 2179, 2182, 2183, 2189)
c(364, 2169, 2176, 2180, 2181, 2183, 2186)
c(2179, 2181, 2182, 2184, 2186, 2187, 2189, 2190, 2295)
c(2183, 2187, 2189)
c(2192, 2196, 2197, 2199, 2209, 2222, 2327)
c(2180, 2182, 2183, 2190)
c(2179, 2183, 2184, 2189, 2295)
c(2191)
c(2179, 2181, 2183, 2184, 2187)
c(356, 2177, 2180, 2183, 2186, 2295)
c(2176, 2188, 2293)
c(2185, 2195, 2197, 2198, 2199, 2328, 2348)
c(1048, 2196, 2203, 2204, 2342)
c(503, 2160, 2176, 2179, 2292, 2293, 2294)
c(2192, 2198, 2199, 2202, 2205, 2348)
c(1048, 2185, 2193, 2197, 2209, 2327, 2342)
c(2185, 2192, 2196, 2328, 2342)
c(2192, 2195, 2199, 2205)
c(2185, 2192, 2195, 2198, 2205, 2222)
c(1055, 1069, 2210, 2231, 2335)
c(212, 2211, 2212, 2213, 2214)
c(2195, 2205, 2222, 2226, 2348)
c(2120, 2122, 2125, 2193, 2204, 2206, 2342)
c(1048, 1051, 1062, 2193, 2203, 2206)
c(2195, 2198, 2199, 2202, 2222)
c(1055, 1062, 1069, 1070, 2120, 2203, 2204, 2231)
c(2216, 2218, 2221, 2336, 2337, 2343)
c(191, 196, 212, 298, 310, 311, 312, 2211)
c(1048, 2098, 2185, 2196, 2222, 2327)
c(193, 226, 1069, 2200, 2335, 2341, 2489, 2496)
c(212, 309, 310, 2201, 2208, 2213, 2214)
c(77, 80, 91, 100, 212, 2201, 2214)
c(309, 404, 2201, 2211, 2214)
c(80, 404, 2201, 2211, 2212, 2213)
c(2117, 2218, 2219, 2220, 2226, 2336, 2350)
c(1047, 1058, 2207, 2218, 2221, 2223)
c(2100, 2106, 2121, 2138, 2275, 2474)
c(2117, 2207, 2215, 2216, 2220, 2223, 2337)
c(2215, 2220, 2222, 2226)
c(2215, 2218, 2219, 2222, 2223)
c(1047, 2137, 2157, 2207, 2216, 2343, 2476)
c(2098, 2185, 2199, 2202, 2205, 2209, 2219, 2220, 2223, 2226)
c(1058, 1061, 2098, 2216, 2218, 2220, 2222)
c(1328, 2240, 2241, 2244, 2252)
c(2235, 2238)
c(2202, 2215, 2219, 2222, 2348, 2349, 2350)
c(426, 440, 2230, 2500, 2503)
c(300, 307, 440, 1879, 2096, 2229, 2230, 2344)
c(1879, 2096, 2124, 2127, 2130, 2228)
c(440, 2096, 2227, 2228, 2344, 2500)
c(1055, 2113, 2118, 2120, 2200, 2206, 2335)
c(377, 1927, 1930, 1941, 1954, 2235)
c(1204, 1325, 2240, 2243, 2244, 2245, 2246)
c(1879, 2109, 2335, 2338, 2341)
c(355, 368, 377, 1930, 2225, 2232, 2236, 2238, 2290)
c(368, 1930, 1935, 1948, 2235, 2239)
c(325, 344, 413, 604, 1329, 1330)
c(377, 2225, 2235, 2290)
c(366, 368, 1935, 2236, 2242)
c(2224, 2233, 2241, 2244, 2245, 2252, 2254, 2395, 2408)
c(879, 2224, 2240, 2252, 2254, 2255)
c(362, 366, 367, 368, 1935, 1938, 2239)
c(1204, 1325, 2233)
c(1328, 2224, 2233, 2240, 2246, 2410)
c(1205, 1325, 1601, 2233, 2240, 2408)
c(1204, 2233, 2244, 2407, 2410)
c(661, 666, 790, 791, 874, 1590, 1599, 1608, 1609, 2410)
c(666, 872, 1445, 1683, 2250, 2253)
c(449, 557, 2256, 2259, 2262, 2266, 2269)
c(872, 1445, 1464, 2248, 2253)
c(1419, 1430, 1464, 2253)
c(1328, 2224, 2240, 2241, 2255, 2258)
c(1464, 2248, 2250, 2251)
c(879, 2240, 2241, 2395)
c(879, 1328, 2241, 2252, 2258)
c(355, 366, 368, 369, 2249, 2259, 2262)
c(354, 364, 374, 2176, 2263, 2268, 2270, 2271)
c(1328, 2252, 2255)
c(369, 557, 2249, 2256)
c(354, 363, 374, 376, 2261, 2262, 2263, 2269)
c(377, 1954, 2260, 2262, 2290)
c(355, 2249, 2256, 2260, 2261, 2269, 2290)
c(354, 374, 2257, 2260)
c(371, 1031, 2139, 2140, 2142)
c(2097, 2104, 2108, 2114, 2276, 2278, 2279)
c(449, 559, 560, 2249, 2269)
c(354)
c(2176, 2257)
c(354, 559, 2249, 2260, 2262, 2266)
c(363, 374, 2176, 2257)
c(354, 364, 559, 1114, 2169, 2257)
c(2111, 2134, 2275, 2277)
c(2275, 2277, 2284, 2286)
c(1032, 2140)
c(2100, 2121, 2134, 2217, 2272, 2273, 2277, 2284)
c(2114, 2265, 2279, 2286)
c(2111, 2114, 2272, 2273, 2275, 2286)
c(2097, 2104, 2265)
c(2104, 2107, 2128, 2162, 2265, 2276, 2280, 2282, 2286)
c(523, 2105, 2110, 2133, 2162, 2279, 2282, 2283, 2285)
c(1039, 2163, 2164, 2166)
c(2107, 2279, 2280, 2285)
c(523, 2105, 2280)
c(2100, 2103, 2128, 2273, 2275, 2286, 2287)
c(2107, 2110, 2280, 2282)
c(2114, 2128, 2273, 2276, 2277, 2279, 2284)
c(2103, 2128, 2284, 2478)
c(17, 19, 411, 2297, 2303)
c(19, 417, 2300, 2303, 2318)
c(355, 377, 2235, 2238, 2261, 2262)
c(2160, 2293, 2294)
c(357, 489, 493, 503, 2179, 2194, 2295)
c(2160, 2176, 2191, 2194, 2291)
c(371, 502, 503, 2160, 2194, 2291)
c(356, 357, 489, 2179, 2183, 2187, 2190, 2292)
c(17, 20, 2297, 2301, 2311, 2447, 2450)
c(17, 19, 2288, 2296, 2303, 2311, 2450)
c(1203, 1206, 1449, 2171, 2173, 2178)
c(2301, 2302, 2314, 2317, 2452)
c(417, 553, 2289, 2303, 2308, 2311)
c(20, 2296, 2299, 2314, 2447, 2452, 2466)
c(2299, 2315, 2317, 2444, 2452)
c(19, 2288, 2289, 2297, 2300, 2308, 2311)
c(1556, 2307, 2309, 2313, 2649)
c(4, 7, 8, 9, 818, 2316, 2357)
c(19, 411, 416, 529, 530, 2318)
c(1526, 2304, 2309, 2313, 2329)
c(43, 553, 2300, 2303, 2311, 2356, 2467, 2469)
c(5, 1526, 2304, 2307, 2648, 2649)
c(817, 1555, 1556, 2326)
c(1886, 2296, 2297, 2300, 2303, 2308, 2356, 2450, 2467)
c(424, 2315)
c(1556, 2304, 2307, 2323, 2326, 2329)
c(20, 411, 414, 528, 2299, 2301, 2317)
c(415, 424, 1880, 2302, 2312, 2317, 2444, 2449)
c(4, 7, 9, 23, 2305, 2319, 2355)
c(410, 414, 424, 425, 2299, 2302, 2314, 2315)
c(19, 416, 417, 2289, 2306)
c(21, 23, 1531, 2316, 2355, 2358)
c(2322, 2325, 2331, 2445, 2446)
c(2331, 2334, 2449, 2459)
c(2320, 2446, 2453)
c(1545, 2313, 2326, 2329)
c(2448, 2453, 2458, 2465)
c(2320, 2445, 2461)
c(815, 817, 1545, 1555, 1556, 2310, 2313, 2323)
c(1048, 2185, 2196, 2209)
c(2116, 2119, 2192, 2197, 2339, 2342, 2345, 2348)
c(1526, 1527, 1545, 2307, 2313, 2323)
c(1667, 2333, 2334, 2362, 2440)
c(2320, 2321, 2334, 2440, 2443, 2445, 2446, 2459)
c(2359, 2373, 2443, 2461)
c(1666, 1667, 1669, 1676, 2330, 2334, 2444)
c(2321, 2330, 2331, 2333, 2440, 2444, 2449)
c(1879, 2113, 2200, 2210, 2231, 2234, 2341)
c(2117, 2207, 2215, 2337, 2339, 2343, 2346, 2347, 2350)
c(2117, 2207, 2218, 2336)
c(226, 306, 311, 2109, 2234, 2341)
c(2116, 2131, 2328, 2336, 2343, 2345, 2346, 2348, 2475)
c(16, 1036, 1130, 1404, 1506, 2420, 2424)
c(226, 2210, 2234, 2335, 2338)
c(2116, 2119, 2125, 2193, 2196, 2197, 2203, 2328)
c(2207, 2221, 2336, 2339, 2346, 2475, 2476)
c(440, 2228, 2230)
c(2328, 2339, 2346, 2347, 2348, 2349)
c(2336, 2339, 2343, 2345, 2347)
c(2336, 2345, 2346, 2349, 2350)
c(2192, 2195, 2202, 2226, 2328, 2339, 2345, 2349)
c(2226, 2345, 2347, 2348, 2350)
c(2215, 2226, 2336, 2347, 2349)
c(439, 2354, 2364, 2366)
c(1231, 1473, 2371)
c(1140, 1141, 1142, 1181, 1247, 1255, 1262)
c(1460, 1461, 1474, 2351, 2364, 2366)
c(9, 2316, 2319, 2358, 2451)
c(2308, 2311, 2467)
c(8, 9, 1886, 2305, 2450, 2506)
c(1531, 1619, 2319, 2355, 2442, 2451)
c(2332, 2360, 2362, 2373, 2440, 2443)
c(1667, 2359, 2362, 2373, 2379)
c(609, 1236, 1237)
c(1667, 2330, 2359, 2360, 2440)
c(1258, 1540, 1543, 1551, 1660, 1676, 2372, 2379)
c(320, 328, 439, 1242, 1460, 1474, 2351, 2354)
c(1241, 1242, 1473)
c(321, 439, 1236, 1461, 1474, 1480, 2351, 2354)
c(1161, 1195, 1336, 1350, 1472, 1503, 2370, 2380)
c(464, 1169, 1174, 2381, 2387)
c(1543, 1618, 1673, 1674, 2372, 2374)
c(1350, 1353, 1378, 2367, 2380, 2393, 2396, 2398)
c(1127, 1231, 1253, 1254, 1473, 2352)
c(1543, 1660, 1673, 2363, 2369)
c(2332, 2359, 2360)
c(1618, 1671, 1673, 1674, 1675, 2369)
c(870, 871, 1205, 2378, 2388, 2390, 2408)
c(1389, 2378, 2389, 2395, 2408)
c(1388, 1401, 2391, 2394, 2405, 2411)
c(1205, 1389, 2375, 2376, 2390, 2408)
c(1258, 1667, 1676, 2360, 2363)
c(494, 1161, 1168, 1187, 1378, 2367, 2370, 2382)
c(388, 395, 463, 473, 1169, 2368, 2387)
c(1161, 1168, 1187, 1188, 1195, 2380)
c(1353, 1354, 1356, 1370, 2386, 2397, 2398)
c(1192, 1339, 1372, 1373, 1388, 1451, 2386, 2397)
c(792, 793, 864, 1391, 1408, 1681, 1682, 2388, 2390)
c(1354, 1370, 1373, 2383, 2384, 2397)
c(388, 394, 409, 454, 455, 1174, 2368, 2381, 2427, 2437)
c(871, 1681, 2375, 2385, 2390)
c(1389, 2376, 2395)
c(1389, 1408, 2375, 2378, 2385, 2388)
c(1387, 2377, 2394, 2401, 2404, 2411)
c(1016, 1076, 1078, 1194, 1398, 2403, 2405, 2406)
c(2370, 2396, 2398)
c(1401, 2377, 2391, 2404, 2405)
c(879, 1389, 1402, 2240, 2254, 2376, 2389, 2408)
c(1353, 2370, 2393, 2398)
c(1370, 1372, 1375, 1376, 1377, 1384, 2383, 2384, 2386)
c(1353, 1370, 1378, 2370, 2383, 2393, 2396)
c(1067, 1331, 1402, 1446, 2400, 2402, 2412, 2413, 2414)
c(1067, 1402, 1420, 2399, 2413)
c(1368, 1369, 1387, 2391, 2403, 2404)
c(1420, 2399, 2412, 2413)
c(1368, 1398, 1407, 2392, 2401, 2404, 2406)
c(1401, 2391, 2394, 2401, 2403, 2405, 2406)
c(1078, 1388, 1401, 2377, 2392, 2394, 2404, 2406)
c(2392, 2403, 2404, 2405)
c(1204, 1602, 1603, 2246, 2410)
c(1205, 2240, 2245, 2375, 2376, 2378, 2395)
c(1420, 2412)
c(1599, 1603, 2244, 2246, 2247, 2407)
c(1369, 1387, 1388, 2377, 2391)
c(1420, 2399, 2402, 2409, 2414)
c(1420, 2399, 2400, 2402)
c(1331, 1341, 1420, 1433, 2399, 2412)
c(385, 396, 1418, 1424, 2422, 2425, 2434, 2438)
c(30, 1505, 2152, 2153, 2418, 2419, 2429)
c(1015, 1403, 1411, 1424, 2418, 2419, 2422, 2434)
c(28, 2153, 2416, 2417, 2419, 2422, 2423)
c(1012, 1403, 1492, 1505, 2416, 2417, 2418)
c(16, 450, 558, 1130, 1160, 1173, 2340)
c(26, 29, 454, 2152, 2431, 2432, 2435)
c(28, 2415, 2417, 2418, 2423, 2425, 2434, 2436, 2438)
c(28, 30, 2153, 2418, 2422, 2425, 2436)
c(16, 26, 29, 454, 1506, 2152, 2340, 2437)
c(30, 396, 2415, 2422, 2423, 2428, 2430, 2433, 2436, 2438)
c(428, 429, 2498, 2508, 2511)
c(396, 408, 409, 455, 2387, 2430, 2431)
c(2425, 2430, 2431, 2438)
c(30, 2152, 2416)
c(396, 2425, 2427, 2428, 2431)
c(455, 2152, 2421, 2427, 2428, 2430, 2432, 2433, 2435, 2438)
c(454, 455, 2421, 2431, 2435)
c(27, 30, 2152, 2425, 2431, 2438)
c(1424, 2415, 2417, 2422)
c(2152, 2421, 2431, 2432)
c(28, 2422, 2423, 2425)
c(16, 454, 464, 465, 1162, 1174, 2387, 2424)
c(2415, 2422, 2425, 2428, 2431, 2433)
c(2442, 2451, 2506)
c(2330, 2331, 2334, 2359, 2362, 2443)
c(2442, 2444, 2451, 2452, 2466)
c(1619, 1665, 1678, 2358, 2439, 2441, 2444, 2451)
c(2331, 2332, 2359, 2440, 2445, 2461)
c(1666, 1678, 2302, 2315, 2333, 2334, 2441, 2442, 2449, 2452)
c(2320, 2325, 2331, 2443, 2461)
c(1870, 2320, 2322, 2331, 2453, 2459, 2460)
c(2296, 2301, 2450, 2451, 2466, 2506)
c(2324, 2465)
c(1870, 1880, 2315, 2321, 2334, 2444, 2459)
c(8, 1886, 2296, 2297, 2311, 2357, 2447, 2506)
c(9, 2355, 2358, 2439, 2441, 2442, 2447, 2466, 2506)
c(2299, 2301, 2302, 2441, 2444, 2466)
c(2322, 2324, 2446, 2458, 2460)
c(1177, 1180, 1654, 2457)
c(2458, 2460, 2465)
c(814, 1605, 1606, 1607, 1620)
c(507, 1180, 1181, 1654, 1662, 1670, 2454)
c(2324, 2453, 2455, 2460, 2465)
c(1870, 2321, 2331, 2446, 2449)
c(2446, 2453, 2455, 2458)
c(2325, 2332, 2443, 2445)
c(66, 1963, 2463, 2464)
c(70, 181, 1963, 2462, 2464, 2471)
c(66, 70, 82, 185, 1792, 2462, 2463)
c(2324, 2448, 2455, 2458)
c(2301, 2441, 2447, 2451, 2452)
c(2308, 2311, 2356, 2468, 2469, 2472, 2473)
c(5, 25, 43, 2467, 2469, 2470, 2472, 2473, 2648)
c(43, 2308, 2467, 2468, 2472)
c(5, 8, 1882, 2468, 2472, 2473)
c(85, 86, 181, 1950, 1963, 2463)
c(2467, 2468, 2469, 2470, 2473)
c(5, 8, 1882, 2467, 2468, 2470, 2472)
c(64, 2106, 2138, 2141, 2217, 2477, 2479, 2487, 2493)
c(2116, 2128, 2131, 2339, 2343, 2476, 2478)
c(2137, 2221, 2343, 2475, 2478)
c(64, 2106, 2474, 2479, 2488)
c(2103, 2128, 2137, 2287, 2475, 2476, 2481)
c(64, 2146, 2474, 2477, 2480, 2493)
c(2101, 2102, 2135, 2141, 2146, 2149, 2479, 2482, 2491, 2493, 2497)
c(2103, 2137, 2147, 2148, 2478, 2488)
c(2101, 2480, 2494, 2497)
c(452, 453, 2485, 2486, 2496)
c(192, 193, 427, 2489)
c(453, 1062, 1070, 2483, 2496)
c(192, 452, 458, 459, 2483, 2496)
c(2138, 2141, 2474)
c(64, 2100, 2103, 2106, 2148, 2477, 2481)
c(192, 193, 2210, 2484, 2496)
c(426, 2151, 2499, 2503, 2507)
c(670, 2099, 2135, 2141, 2480, 2492, 2494, 2495, 2497, 2504)
c(2101, 2491, 2494, 2495)
c(2141, 2474, 2479, 2480)
c(2101, 2482, 2491, 2492, 2497)
c(2099, 2101, 2491, 2492)
c(192, 1057, 1069, 1070, 2210, 2483, 2485, 2486, 2489)
c(2480, 2482, 2491, 2494)
c(2, 2426, 2508, 2509, 2511)
c(1, 2151, 2490, 2503, 2505)
c(2096, 2130, 2227, 2230, 2502, 2503, 2505)
c(1, 1879, 2124, 2127, 2130, 2145, 2502)
c(1, 2096, 2130, 2500, 2501, 2505)
c(426, 2227, 2490, 2499, 2500, 2505)
c(670, 2099, 2135, 2491)
c(1, 2499, 2500, 2502, 2503)
c(9, 2357, 2439, 2447, 2450, 2451)
c(426, 441, 2151, 2490, 2508, 2510)
c(2, 429, 431, 441, 2151, 2426, 2498, 2507, 2510)
c(2, 2151, 2498)
c(441, 2507, 2508)
c(428, 517, 2426, 2498)
c(2513, 2514, 2517, 2518, 2551, 2585, 2591, 2592, 2596)
c(2512, 2514, 2530, 2591, 2596, 2648, 2649)
c(2512, 2513, 2517, 2518, 2519, 2530, 2596, 2649)
c(2528, 2539, 2548, 2549, 2550, 2565, 2608)
c(2517, 2555, 2585, 2592, 2607, 2608)
c(2512, 2514, 2516, 2518, 2550, 2592, 2607)
c(2512, 2514, 2517, 2519, 2550, 2596)
c(2514, 2518, 2530, 2550, 2596)
c(2547, 2554, 2555, 2575, 2578, 2638)
c(2541, 2545, 2550, 2565, 2571, 2607, 2608, 2654)
c(2538, 2572, 2576, 2580, 2616)
c(2544, 2580, 2609, 2617, 2631, 2632, 2644)
c(2552, 2582, 2583, 2602, 2604, 2634, 2636, 2677, 2678)
c(2529, 2571, 2603, 2654, 2655)
c(2536, 2539, 2542, 2548, 2576, 2610)
c(2556, 2614, 2616, 2631, 2632)
c(2515, 2548, 2549, 2550, 2610, 2611, 2643, 2651)
c(2525, 2545, 2558, 2559, 2570, 2571, 2603, 2604)
c(2513, 2514, 2519, 2550, 2596, 2643, 2649)
c(2547, 2559, 2560, 2582, 2583, 2601, 2605)
c(2534, 2570, 2573, 2598, 2602, 2636)
c(2541, 2565, 2586, 2587, 2654)
c(2532, 2552, 2568, 2598, 2622, 2636)
c(2588, 2595, 2606, 2619, 2626, 2627, 2637)
c(2526, 2538, 2539, 2576, 2587, 2589)
c(2540, 2613, 2630)
c(2522, 2536, 2569, 2572, 2576, 2589, 2618)
c(2515, 2526, 2536, 2548, 2565, 2587, 2589)
c(2537, 2613, 2630)
c(2521, 2533, 2545, 2565, 2587, 2654)
c(2526, 2563, 2576, 2580, 2610, 2650)
c(2627, 2637, 2639, 2652)
c(2523, 2562, 2580, 2609, 2612)
c(2521, 2529, 2541, 2546, 2559, 2565, 2571, 2608)
c(2545, 2547, 2559, 2578, 2601, 2608)
c(2520, 2531, 2546, 2559, 2560, 2578, 2601, 2638)
c(2515, 2526, 2528, 2539, 2549, 2565, 2610)
c(2515, 2528, 2548, 2550, 2643)
c(2515, 2517, 2518, 2519, 2521, 2528, 2530, 2549, 2607, 2608, 2643)
c(2512, 2554, 2555, 2585, 2591, 2596)
c(2524, 2534, 2553, 2568, 2581, 2636, 2678)
c(2552, 2567, 2581, 2630, 2678)
c(2520, 2551, 2555, 2575, 2591)
c(2516, 2520, 2551, 2554, 2575, 2578, 2585, 2607)
c(2527, 2584, 2614, 2615, 2616)
c(2561, 2564, 2566, 2593, 2594, 2595, 2615, 2645)
c(2529, 2559, 2604, 2605)
c(2529, 2531, 2545, 2546, 2547, 2558, 2601, 2605)
c(2531, 2547, 2583, 2638, 2647)
c(2557, 2566, 2584, 2615, 2618)
c(2544, 2579, 2609, 2612)
c(2542, 2576, 2580, 2599, 2612, 2650)
c(2557, 2566, 2595, 2626)
c(2515, 2521, 2533, 2539, 2541, 2545, 2548, 2587, 2608)
c(2557, 2561, 2564, 2618, 2619, 2626)
c(2553, 2577, 2581, 2613, 2630)
c(2534, 2552, 2581, 2598, 2622, 2625)
c(2538, 2587, 2588, 2589, 2618, 2619)
c(2529, 2532, 2573, 2602, 2603, 2604)
c(2521, 2525, 2529, 2545, 2603, 2654)
c(2522, 2538, 2576, 2584, 2616, 2618)
c(2532, 2570, 2598, 2603, 2623, 2653, 2655)
c(2586, 2587, 2590, 2603, 2653, 2654, 2655)
c(2520, 2554, 2555, 2638, 2647)
c(2522, 2526, 2536, 2538, 2542, 2563, 2572, 2580)
c(2567, 2581, 2597, 2625)
c(2520, 2546, 2547, 2555, 2607, 2608)
c(2562, 2599, 2612)
c(2522, 2523, 2542, 2544, 2563, 2576, 2612, 2616, 2617, 2632)
c(2552, 2553, 2567, 2568, 2577, 2625)
c(2524, 2531, 2583, 2604, 2605, 2634, 2635)
c(2524, 2531, 2560, 2582, 2633, 2634, 2635)
c(2556, 2561, 2572, 2615, 2616, 2618)
c(2512, 2516, 2551, 2555, 2592)
c(2533, 2574, 2587, 2588, 2590, 2619, 2654)
c(2533, 2536, 2539, 2541, 2565, 2569, 2574, 2586, 2588, 2589, 2590)
c(2535, 2569, 2586, 2587, 2589, 2590, 2606, 2619, 2637)
c(2536, 2538, 2539, 2569, 2587, 2588, 2619)
c(2574, 2586, 2587, 2588, 2606, 2619, 2620, 2621, 2637, 2652, 2653)
c(1547, 2512, 2513, 2551, 2554, 2596)
c(2512, 2516, 2517, 2585)
c(2557, 2594, 2645)
c(1767, 2557, 2593, 2595, 2628)
c(2535, 2557, 2564, 2594, 2626, 2627, 2628)
c(2512, 2513, 2514, 2518, 2519, 2530, 2551, 2591, 2648, 2649)
c(2577, 2600, 2624, 2625, 2641, 2642)
c(2532, 2534, 2568, 2573, 2622, 2623, 2656)
c(1555, 2563, 2579, 2612, 2650)
c(2597, 2622, 2624, 2625, 2640, 2641)
c(2531, 2546, 2547, 2559)
c(2524, 2532, 2570, 2604, 2636)
c(2525, 2529, 2570, 2571, 2573, 2574, 2653, 2655)
c(2524, 2529, 2558, 2570, 2582, 2602, 2605)
c(2531, 2558, 2559, 2582, 2604)
c(2535, 2588, 2590, 2637)
c(2516, 2517, 2521, 2550, 2555, 2578, 2608)
c(2515, 2516, 2521, 2545, 2546, 2550, 2565, 2578, 2607)
c(2523, 2544, 2562, 2644)
c(2526, 2528, 2542, 2548, 2650, 2651)
c(1556, 2528, 2643, 2651)
c(2544, 2562, 2563, 2579, 2580, 2599, 2617)
c(2537, 2540, 2567, 2630)
c(1758, 2527, 2556, 2615, 2631, 2645)
c(2556, 2557, 2561, 2584, 2614, 2645)
c(2522, 2527, 2556, 2572, 2580, 2584, 2617, 2632)
c(2523, 2580, 2612, 2616, 2632)
c(2538, 2561, 2566, 2569, 2572, 2584, 2619)
c(2535, 2566, 2569, 2586, 2588, 2589, 2590, 2618, 2626)
c(2590, 2621, 2624, 2640, 2652)
c(2590, 2620, 2624, 2640, 2652, 2653, 2657)
c(2534, 2568, 2598, 2600, 2624, 2625, 2656)
c(2573, 2598, 2653, 2656, 2657)
c(2597, 2600, 2620, 2621, 2622, 2625, 2640, 2656, 2657)
c(2568, 2577, 2581, 2597, 2600, 2622, 2624)
c(2535, 2564, 2566, 2595, 2619)
c(2535, 2543, 2595, 2628, 2637)
c(2594, 2595, 2627)
c(34, 42, 1550, 2633, 2635, 2679)
c(2537, 2540, 2553, 2567, 2613, 2646)
c(2523, 2527, 2614, 2632, 2644)
c(2523, 2527, 2580, 2616, 2617, 2631)
c(2583, 2629, 2635, 2679)
c(2524, 2582, 2583, 2635, 2677)
c(2582, 2583, 2629, 2633, 2634, 2677, 2679)
c(2524, 2532, 2534, 2552, 2602)
c(2535, 2543, 2588, 2590, 2606, 2627, 2652)
c(2520, 2547, 2560, 2575)
c(2543, 2640, 2642, 2652)
c(2600, 2620, 2621, 2624, 2639, 2641, 2642, 2652)
c(2597, 2600, 2640, 2642)
c(2597, 2639, 2640, 2641)
c(2528, 2530, 2549, 2550, 2611)
c(2523, 2609, 2631)
c(2557, 2593, 2614, 2615)
c(506, 508, 2630)
c(1553, 2560, 2575)
c(5, 1526, 2309, 2468, 2513, 2596, 2649)
c(1556, 2304, 2309, 2513, 2514, 2530, 2596, 2648)
c(816, 1556, 2542, 2563, 2599, 2610, 2651)
c(1555, 2528, 2610, 2611, 2650)
c(2543, 2590, 2620, 2621, 2637, 2639, 2640, 2657)
c(2573, 2574, 2590, 2603, 2621, 2623, 2657)
c(2521, 2525, 2533, 2541, 2571, 2574, 2586, 2655)
c(2525, 2573, 2574, 2603, 2654)
c(2598, 2622, 2623, 2624, 2657)
c(2621, 2623, 2624, 2652, 2653, 2656)
c(591, 616, 922, 978, 1989)
c(837, 838, 957, 1287, 1838, 1845)
c(944, 980, 1657, 1750, 1983, 1984)
c(251, 678, 886, 1003)
c()
c(523, 524, 1891, 2110, 2664, 2666)
c(2110, 2663, 2666, 2667)
c(2155, 2666, 2667)
c(524, 2112, 2144, 2155, 2663, 2664, 2665, 2667)
c(2664, 2665, 2666)
c(905, 956, 2670, 2671)
c(255, 1268)
c(1268, 1655, 2668, 2671)
c(253, 905, 948, 2668, 2670)
c(254, 260, 261)
c()
c(90, 103, 198, 200, 201, 478)
c(640, 642, 1943, 1946)
c(106, 641, 642, 643, 752, 1770, 1943)
c(2524, 2634, 2635, 2678, 2679)
c(2524, 2552, 2553, 2677, 2679)
c(1661, 2629, 2633, 2635, 2677, 2678)
