c(1, 2, 3, 4, 5, 239, 245, 246)
c(0, 2, 3)
c(0, 1, 3, 239, 254, 2548)
0:2
c(0, 5, 6, 228, 246)
c(0, 4, 6)
c(4, 5, 217, 228, 233)
c(8, 11, 248, 2547, 2548)
c(7, 9, 11, 13, 14, 2544)
c(8, 2544, 2547)
c(12, 2544, 2551, 2554, 2683)
c(7, 8, 13, 14, 248, 258, 1090, 1091, 1120, 2682, 2683)
c(10, 13, 2544, 2683)
c(8, 11, 12, 14, 2544, 2683)
c(8, 11, 13)
c(2558, 2680, 2681)
c(18, 258, 2555, 2682)
c(18, 19, 261, 2550)
c(16, 17, 258, 261, 263, 871, 872, 2549, 2550, 2555)
c(17, 20, 27, 261, 983, 2550, 2591, 2592)
c(19, 21, 2550, 2582, 2592, 2603)
c(20, 22, 2582, 2586, 2598, 2603)
c(21, 2586, 2594, 2595, 2598, 2613)
c(24, 25, 2616, 2667, 2668, 2673)
c(23, 25, 26, 2570, 2673)
c(23, 24, 2570, 2572, 2668, 2672)
c(24, 2570, 2616, 2617, 2673)
c(19, 269, 270, 981, 983, 1014, 2591)
c(30, 269, 282, 287, 988, 2646, 2647)
c(30, 2593, 2639, 2640, 2642)
c(28, 29, 269, 2582, 2591, 2592, 2639, 2642, 2647)
c(32, 36, 285, 1349, 1407, 1415, 1416, 2646)
c(31, 285, 286, 287, 2646)
c(34, 1423, 1424)
c(33, 35, 1424, 1429)
c(34, 1347, 1421, 1422, 1424, 1429)
c(31, 285, 298, 1349)
c(38, 39, 49, 51, 141, 147, 299, 300, 1935)
c(37, 51, 208, 220, 266, 299, 300, 663, 665)
c(37, 141, 268, 299, 1993, 1994)
c(41, 42, 44, 45, 47)
c(40, 42, 43, 47, 1349)
c(40, 41, 298, 1349)
c(41, 47, 1349, 1350, 2496, 2497)
c(40, 45, 56, 59, 296, 298)
c(40, 44, 46, 47, 56)
c(45, 47, 48, 56, 57, 2496, 2497)
c(40, 41, 43, 45, 46)
c(46, 57, 2496)
c(37, 50, 51, 147, 150, 152, 236, 237, 238, 663)
c(49, 147)
c(37, 38, 49, 141, 147, 663)
c(53, 654, 655, 665)
c(52, 266, 655, 662)
c(55, 2322, 2502)
c(54, 2245, 2250, 2265, 2304, 2323, 2502, 2516)
c(44, 45, 46, 57, 59, 60)
c(46, 48, 56, 58, 60, 61, 2496)
c(57, 59, 60, 61, 67)
c(44, 56, 58, 60, 67, 293, 296)
56:59
c(57, 58, 62, 67, 69, 2496)
c(61, 69, 2208, 2354, 2496, 2499)
c(1612, 1622, 1700, 2166, 2197)
c(65, 1615, 1617, 1621, 1701, 2166)
c(64, 1620, 1621, 1701, 1702, 1821, 1822)
c(67, 86, 175, 290, 293, 2312)
c(58, 59, 61, 66, 68, 69, 293, 2312, 2313, 2316)
c(67, 69, 2316)
c(61, 62, 67, 68, 2208, 2316, 2356)
c(71, 179, 180, 277, 677, 697)
c(70, 674, 697, 699)
c(73, 75, 273, 277)
c(72, 75, 77, 277, 677)
c(75, 76, 97, 273, 276, 2372, 2416)
c(72, 73, 74, 76, 77, 87, 273, 678)
c(74, 75, 2372)
c(73, 75, 677, 678)
c(79, 670, 673, 695, 698)
c(78, 361, 626, 670, 671, 673)
c(82, 83, 89, 92, 1871, 1872, 2313, 2376)
c(82, 84, 1872, 1873, 2319, 2405)
c(80, 81, 83, 84, 1872, 2314)
c(80, 82, 2314)
c(81, 82, 85, 2314, 2315, 2383)
c(84, 2274, 2290, 2315, 2426)
c(66, 91, 92, 175, 2312)
c(75, 88, 168, 678, 2372, 2373)
c(87, 168, 2372, 2374)
c(80, 90, 2374, 2375, 2376, 2418)
c(89, 92, 2374)
c(86, 92, 168, 169, 175)
c(80, 86, 90, 91, 168, 2312, 2313, 2374)
c(94, 95, 96, 98, 102, 108)
c(93, 95, 108, 109)
c(93, 94, 98, 107, 109, 1652, 1854, 1855)
c(93, 97, 98, 102, 275)
c(74, 96, 99, 275, 276, 2416)
c(93, 95, 96, 99, 1854)
c(97, 98, 1854, 2416)
c(1523, 1525, 1838, 1840, 1844)
c(1451, 1523, 1524, 1844, 2527)
c(93, 96, 105, 108, 184, 186, 275)
c(104, 105, 114, 116, 210, 214)
c(103, 105, 106, 116, 1652)
c(102, 103, 104, 106, 108, 214)
c(104, 105, 107, 108, 109, 1652)
c(95, 106, 109, 1652)
c(93, 94, 102, 105, 106, 109)
c(94, 95, 106, 107, 108)
c(111, 2025)
c(110, 119, 127, 1652, 2006, 2025, 2028, 2059, 2062)
c(113, 2021, 2031, 2034, 2036, 2046, 2047, 2066)
c(112, 2032, 2065, 2066)
c(103, 115, 116, 121, 123, 210, 221)
c(114, 116, 117, 123, 124)
c(103, 104, 114, 115, 117, 1652)
c(115, 116, 118, 130, 131, 1652, 2005)
c(117, 119, 1652, 2005, 2006)
c(111, 118, 1652, 2006)
c(121, 122, 123, 132, 135, 221)
c(114, 120, 221)
c(120, 123, 125, 126, 130, 131, 134, 135, 139, 2005)
c(114, 115, 120, 122, 124)
c(115, 123, 130)
c(122, 126, 129, 132, 139)
c(122, 125, 135, 139, 2005)
c(111, 128, 129, 139, 2005, 2006, 2009, 2024, 2025)
c(127, 129, 139, 2005)
c(125, 127, 128, 139, 2005)
c(117, 122, 124, 131)
c(117, 122, 130, 2005)
c(120, 125, 133, 134, 135, 139, 221, 268, 1963)
c(132, 139, 1963)
c(122, 132, 135, 139)
c(120, 122, 126, 132, 134, 221)
c(137, 138, 139, 1963, 1993, 1997)
c(136, 138, 142, 1963, 1997, 2007, 2009)
136:137
c(122, 125, 126, 127, 128, 129, 132, 133, 134, 136, 1963, 2005, 2009, 2024)
c(1939, 1940, 1953, 2000, 2001)
c(37, 39, 51, 142, 147, 299, 300, 1935, 1993, 1994)
c(137, 141, 147, 148, 1935, 1936, 1938, 1963, 1993, 1995, 1996, 1997, 1999, 2002)
c(157, 498, 534, 535, 536, 548)
c(145, 547, 549, 570)
c(144, 159, 547, 569)
c(198, 205, 569)
c(37, 49, 50, 51, 141, 142, 148, 150, 152, 1935, 1936, 1998)
c(142, 147, 150, 153, 1936)
c(1433, 1442, 1470, 1512, 1941, 1985)
c(49, 147, 148, 151, 152, 153, 191, 236, 278)
c(150, 153, 154, 155, 156, 191, 1468)
c(49, 147, 150)
c(148, 150, 151, 154, 1936, 1937)
c(151, 153, 1937, 1942)
c(151, 156, 1985, 1986, 1987, 1988)
c(151, 155, 1942, 1986)
c(143, 536, 548, 559)
c(163, 164, 515, 517, 547, 549)
c(145, 161, 163, 547)
c(161, 162, 198, 200, 569)
c(159, 160, 162, 165, 278, 507, 569)
c(160, 161, 165, 196, 200)
c(158, 159, 164, 507, 547)
c(158, 163, 507, 515)
c(161, 162, 189, 192, 194, 196, 278)
c(167, 408, 417, 419, 530, 532)
c(166, 413, 419, 532)
c(87, 88, 91, 92, 169, 678, 2374)
c(91, 168, 173, 175, 677, 678)
c(171, 172, 288, 674, 675, 676)
c(170, 288, 673, 675, 679, 680)
c(170, 173, 174, 288, 290, 676)
c(169, 172, 174, 175, 676, 677)
c(172, 173, 175, 290)
c(66, 86, 91, 169, 173, 174, 290)
c(177, 178, 206, 207, 225, 264, 272)
c(176, 178, 264, 636, 696)
c(176, 177, 179, 272, 696, 697)
c(70, 178, 180, 272)
c(70, 179, 272, 277)
c(182, 207, 211, 272, 273)
c(181, 183, 185, 211, 213, 273, 274)
c(182, 184, 185, 213, 214)
c(102, 183, 185, 186, 214)
c(182, 183, 184, 186, 274)
c(102, 184, 185, 274, 275)
c(188, 1457, 1472, 1585, 1586, 1595, 2535, 2536)
c(187, 1595, 2536)
c(165, 190, 191, 194, 278, 1468, 1494)
c(189, 1468, 1494)
c(150, 151, 189, 278, 1468)
c(165, 193, 194, 195, 196, 197)
c(192, 194, 195, 197, 1559)
c(165, 189, 192, 193, 1494, 1559)
c(192, 193, 196, 197, 198, 199, 200, 1558, 1559)
c(162, 165, 192, 195, 200)
c(192, 193, 195)
c(146, 160, 195, 199, 200, 205, 569)
c(195, 198, 205, 1553, 1556, 1558)
c(160, 162, 195, 196, 198)
c(202, 1207, 1212, 1214, 1215)
c(201, 770, 1215)
c(709, 743, 767, 769, 1107)
c(1537, 1538, 1543)
c(146, 198, 199, 1553)
c(176, 207, 222, 224, 225)
c(176, 181, 206, 208, 210, 211, 212, 223, 224)
c(38, 207, 209, 210, 220, 223)
c(208, 210, 220)
c(103, 114, 207, 208, 209, 212, 220, 221)
c(181, 182, 207, 212, 213)
c(207, 210, 211, 213, 214)
c(182, 183, 211, 212, 214)
c(103, 105, 183, 184, 212, 213)
c(216, 218, 229, 231, 232, 234)
c(215, 218, 219, 230, 231, 1148, 1171)
c(6, 218, 233, 234)
215:217
c(216, 1171, 1175)
c(38, 208, 209, 210, 221, 299)
c(114, 120, 121, 132, 135, 210, 220, 268, 299)
c(206, 223, 224, 267)
c(207, 208, 222, 224, 266, 267)
c(206, 207, 222, 223)
c(176, 206, 264, 267, 635)
c(227, 232, 1154, 1156)
c(226, 228, 232, 233, 246, 1154)
c(4, 6, 227, 246)
c(215, 230, 231, 1155, 1156)
c(216, 229, 231, 1129, 1148, 1149)
c(215, 216, 229, 230)
c(215, 226, 227, 234, 1156)
c(6, 217, 227, 234)
c(215, 217, 232, 233)
c(236, 237, 238, 278, 280, 512, 669)
c(49, 150, 235, 238, 278)
c(49, 235, 238, 280, 663, 667, 668)
c(49, 235, 236, 237)
c(0, 2, 245, 254, 255, 1166)
c(241, 242, 1137, 1138)
c(240, 242, 243, 244, 256, 257, 1138, 1152, 1166)
c(240, 241, 1129, 1137, 1152, 1153, 1155, 1164)
c(241, 244, 245, 246, 1154, 1166)
c(241, 243, 1152, 1153, 1154)
c(0, 239, 243, 246, 1166)
c(0, 4, 227, 228, 243, 245)
c(248, 249, 252, 253, 947, 1101)
c(7, 11, 247, 253, 254, 947, 1091, 2548)
c(247, 250, 252, 1101)
c(249, 251, 252, 1097, 1099, 1101, 1164)
c(250, 252, 1137, 1164)
c(247, 249, 250, 251, 253, 1137)
c(247, 248, 252, 254, 255, 256)
c(2, 239, 248, 253, 255, 2548)
c(239, 253, 254, 256, 257)
c(241, 253, 255, 257, 1137, 1138)
c(241, 255, 256, 1166)
c(11, 16, 18, 262, 263, 932, 934, 935, 1092, 1093, 1112, 1113, 1114, 1119, 1120, 2682)
c(260, 930, 1113, 1114)
c(259, 930, 933, 935, 1112, 1113)
c(17, 18, 19, 872, 983)
c(258, 263, 870, 871, 932, 986, 987)
c(18, 258, 262, 871)
c(176, 177, 225, 635, 636)
c(266, 267, 632, 662)
c(38, 53, 223, 265, 662, 665)
c(222, 223, 225, 265, 632)
c(39, 132, 221, 299, 1993)
c(27, 28, 30, 270, 282, 1014, 2591)
c(27, 269, 1014)
c(880, 882, 895, 908)
c(176, 178, 179, 180, 181, 273, 277)
c(72, 74, 75, 181, 182, 272, 274, 276, 277)
c(182, 185, 186, 273, 275)
c(96, 97, 102, 186, 274, 276)
c(74, 97, 273, 275)
c(70, 72, 73, 180, 272, 273, 677)
c(150, 161, 165, 189, 191, 235, 236, 507, 512)
c(280, 508, 510, 513, 515, 666, 667)
c(235, 237, 279, 510, 511, 667, 669)
c(352, 989, 992, 1003, 1008, 1013, 1014)
c(28, 269, 988, 1014)
c(284, 286, 360, 988, 992)
c(283, 285, 286, 297, 360)
c(31, 32, 36, 284, 286, 297, 298)
c(32, 283, 284, 285, 287, 988)
c(28, 32, 286, 988, 2646)
c(170, 171, 172, 290, 679, 683)
c(291, 292, 679, 682, 683)
c(66, 172, 174, 175, 288, 292, 293, 683)
c(289, 292, 294, 295, 296, 682)
c(289, 290, 291, 293, 296, 683)
c(59, 66, 67, 290, 292, 296)
c(291, 295, 360, 682)
c(291, 294, 296, 297, 360)
c(44, 59, 291, 292, 293, 295, 297, 298)
c(284, 285, 295, 296, 298, 360)
c(36, 42, 44, 285, 296, 297, 1349)
c(37, 38, 39, 141, 220, 221, 268, 300, 1994)
c(37, 38, 141, 299, 1994)
c(302, 303, 620, 633, 656, 657)
c(301, 632, 657, 658, 661)
c(301, 632, 633, 634, 635)
c(310, 315, 396, 397, 977, 978)
c(310, 396, 537, 538, 572)
c(307, 308, 312, 362, 363, 886, 936)
c(306, 308, 309, 886, 1035)
c(306, 307, 309, 345, 362, 364, 365, 1030, 1031, 1032)
c(307, 308, 1032, 1035)
c(304, 305, 311, 396, 537, 978)
c(310, 312, 363, 537, 538, 554, 936, 978)
c(306, 311, 363, 936)
c(928, 929, 936, 977, 978)
c(315, 319, 357, 359, 397, 573, 928, 938, 955, 959, 977)
c(304, 314, 397, 977)
c(322, 328, 716, 717, 780)
c(318, 321, 356, 358, 953)
c(317, 319, 356, 359, 954)
c(314, 318, 359, 954, 955)
c(321, 324, 430, 720, 721, 953)
c(317, 320, 358, 430, 953)
c(316, 328, 716, 719, 720, 721)
c(726, 727, 761, 762, 1199, 1201)
c(320, 381, 428, 429, 430, 719, 720)
c(328, 332, 381, 719)
c(327, 328, 332, 777, 837)
c(326, 328, 777, 778, 779)
c(316, 322, 325, 326, 327, 779, 780)
c(330, 331, 336, 378, 845)
c(329, 332, 379, 380)
c(329, 332, 336, 845)
c(325, 326, 330, 331, 380, 837, 845)
c(344, 825, 838)
c(335, 337, 340, 385, 386)
c(334, 339, 340, 342, 834, 844)
c(329, 331, 337, 385, 387, 845)
c(334, 336, 844, 845)
c(339, 341, 390, 393)
c(335, 338, 340, 342, 390, 391)
c(334, 335, 339, 386, 391)
c(338, 342, 343, 344)
c(335, 339, 341, 344, 825, 834)
c(341, 344, 791)
c(333, 341, 342, 343, 791, 825)
c(308, 346, 365, 371, 375, 1026, 1030)
c(345, 347, 348, 349, 375, 1026, 1029)
c(346, 348, 1026, 1029)
c(346, 347, 349, 1026, 1029, 1043, 1048, 1049, 1050)
c(346, 348, 350, 367, 375, 990, 1029, 1043)
c(349, 893, 990, 1043)
c(352, 880, 993, 994, 1016, 1024, 1025)
c(281, 351, 993, 995, 1003, 1025)
c(354, 366, 367, 613, 615, 990)
c(353, 360, 615, 990, 991, 992)
c(356, 427, 586, 587, 593, 601)
c(317, 318, 355, 357, 358, 359, 427, 587)
c(314, 356, 359, 573, 580, 587, 604)
c(317, 321, 356, 427, 430)
c(314, 318, 319, 356, 357)
c(283, 284, 294, 295, 297, 354, 361, 614, 615, 625, 626, 672, 681, 682, 992)
c(79, 360, 626, 673, 680, 681)
c(306, 308, 363, 364, 554, 623)
c(306, 311, 312, 362, 538, 554)
c(308, 362, 365, 371, 623)
c(308, 345, 364, 371)
c(353, 367, 373, 376, 613)
c(349, 353, 366, 375, 376)
c(369, 608, 609, 610, 637, 689)
c(368, 370, 608, 622, 637, 641, 684)
c(369, 622, 640, 641)
c(345, 364, 365, 372, 374, 375, 554, 555, 621, 623)
c(371, 373, 374, 621)
c(366, 372, 374, 376, 621, 622, 624)
c(371, 372, 373, 375, 376)
c(345, 346, 349, 367, 371, 374, 376)
c(366, 367, 373, 374, 375)
c(379, 381, 388, 389, 399, 459, 469, 470)
c(329, 379, 384, 387, 389)
c(330, 377, 378, 380, 381, 389)
c(330, 332, 379, 381)
c(324, 325, 377, 379, 380, 399, 428)
c(526, 531, 532)
c(384, 387, 388, 457, 469, 472)
c(378, 383, 387, 388, 389)
c(334, 336, 386, 387, 462, 471, 472)
c(334, 340, 385, 391, 462)
c(336, 378, 383, 384, 385, 472)
c(377, 383, 384, 389, 469)
c(377, 378, 379, 384, 388)
c(338, 339, 391, 394, 461, 479)
c(339, 340, 386, 390, 461, 462)
c(438, 440, 444, 468, 473, 476)
c(338, 394, 475)
c(390, 393, 395, 462, 475, 477, 478, 479)
c(394, 460, 461, 477, 478)
c(304, 305, 310, 397, 572, 573, 576, 604, 605)
c(304, 314, 315, 396, 573)
c(400, 426, 588, 589, 590, 591, 594)
c(377, 381, 400, 420, 428, 470, 588)
c(398, 399, 426, 428, 429, 588)
c(591, 592, 594, 595)
c(403, 484, 485, 487, 644, 652)
c(402, 484, 486, 487, 572)
c(405, 410, 583, 585, 596, 597)
c(404, 410, 420, 421, 458, 584)
c(407, 431, 435, 463, 464)
c(406, 408, 435, 436, 437)
c(166, 407, 417, 437, 451, 530)
c(411, 412, 415, 416, 417, 419)
c(404, 405, 411, 416, 450, 455)
c(409, 410, 412, 581, 583)
c(409, 411, 415, 579, 581, 582)
c(167, 415, 419, 532, 533, 563)
419
c(409, 412, 413, 419, 563, 565, 568, 582)
c(409, 410, 417, 418, 450, 451, 452)
c(166, 408, 409, 416, 418, 419, 451, 452)
416:417
c(166, 167, 409, 413, 414, 415, 417)
c(399, 405, 423, 458, 470, 588)
c(405, 423, 424, 584)
c(424, 425, 584, 585, 595)
c(420, 421, 424, 425, 588, 589, 590, 591)
c(421, 422, 423, 425, 584)
c(422, 423, 424, 591, 595)
c(398, 400, 427, 429, 430, 592, 594)
c(355, 356, 358, 426, 430, 592, 593)
c(324, 381, 399, 400, 429)
c(324, 400, 426, 428, 430)
c(320, 321, 324, 358, 426, 427, 429)
c(406, 432, 433, 434, 463, 464)
c(431, 434, 464)
c(431, 434, 466, 467)
c(431, 432, 433, 453, 464, 465, 466)
c(406, 407, 436, 449, 451, 453, 454, 464, 465)
c(407, 435, 437, 451)
c(407, 408, 436, 451)
c(392, 439, 440, 447, 468)
c(438, 447, 448, 457, 459, 469)
c(392, 438, 441, 444, 457)
c(440, 444, 457, 472)
c(443, 444, 445, 462, 473, 474, 475, 476)
c(442, 444, 476)
c(392, 440, 441, 442, 443, 445, 471, 476)
c(442, 444, 462, 471)
c(447, 453, 466, 468)
c(438, 439, 446, 448, 453, 454, 468)
c(439, 447, 454, 459)
c(435, 450, 451, 454, 455)
c(410, 416, 449, 451, 455)
c(408, 416, 417, 435, 436, 437, 449, 450, 452)
c(416, 417, 451)
c(434, 435, 446, 447, 454, 465, 466)
c(435, 447, 448, 449, 453, 455, 458, 459)
c(410, 449, 450, 454, 458)
c(467, 468, 473, 474, 475)
c(383, 439, 440, 441, 469, 472)
c(405, 420, 454, 455, 459, 470)
c(377, 439, 448, 454, 458, 469, 470)
c(395, 461, 462, 477)
c(390, 391, 395, 460, 462, 478, 479)
c(385, 386, 391, 394, 442, 445, 460, 461, 471, 477)
c(406, 431, 464)
c(406, 431, 432, 434, 435, 463, 465)
c(434, 435, 453, 464)
c(433, 434, 446, 453, 467, 468)
c(433, 456, 466, 468)
c(392, 438, 446, 447, 456, 466, 467, 473)
c(377, 383, 388, 439, 457, 459)
c(377, 399, 420, 458, 459)
c(385, 444, 445, 462, 472)
c(383, 385, 387, 441, 457, 471)
c(392, 442, 456, 468, 474, 476)
c(442, 456, 473, 475)
c(393, 394, 442, 456, 474)
c(392, 442, 443, 444, 473)
c(394, 395, 460, 462)
c(394, 395, 461, 479)
c(390, 394, 461, 478)
c(481, 482, 502, 523, 524)
c(480, 482, 483, 524, 525)
c(480, 481, 483, 504, 505, 506)
c(481, 482, 505, 519, 525, 550)
c(402, 403, 485, 486, 567)
c(402, 484, 567, 651, 652)
c(403, 484, 540, 565, 567, 568, 572, 575)
c(402, 403, 488, 538, 554, 572, 644)
c(487, 554)
c(491, 522, 551)
c(491, 493, 520, 521)
c(489, 490, 493, 494, 521, 522, 551, 553, 561)
c(493, 494, 499, 562)
c(490, 491, 492, 494, 520)
c(491, 492, 493, 561, 562)
496:498
c(495, 498, 499)
c(495, 498, 534, 570, 571)
c(143, 495, 496, 497, 499, 534, 536)
c(492, 496, 498, 536, 542, 562)
c(501, 503, 523, 529, 566, 567)
c(500, 502, 503, 523)
c(480, 501, 503, 504, 523)
c(500, 501, 502, 504, 541, 567)
c(482, 502, 503, 506, 541)
c(482, 483, 506, 550, 552)
c(482, 504, 505, 539, 541, 552)
c(161, 163, 164, 278, 508, 509, 511, 512, 515)
c(279, 507, 509, 510, 515)
c(507, 508, 510, 511)
c(279, 280, 508, 509, 511)
c(280, 507, 509, 510, 512, 669)
c(235, 278, 507, 511, 669)
c(279, 514, 515, 517, 617, 666)
c(513, 516, 517, 518, 616, 617, 618)
c(158, 164, 279, 507, 508, 513, 517)
c(514, 517, 518, 544, 559)
c(158, 513, 514, 515, 516, 549, 559)
c(514, 516, 544, 557, 616, 631, 649, 650)
c(483, 521, 522, 525, 550)
c(490, 493, 521)
c(490, 491, 519, 520, 522, 525)
c(489, 491, 519, 521, 550, 551)
c(480, 500, 501, 502, 524, 528, 529)
c(480, 481, 523, 525)
c(481, 483, 519, 521, 524)
c(382, 532, 533, 563)
563:564
c(523, 529, 566)
c(500, 523, 528, 566)
c(166, 408, 531, 532)
c(382, 530, 532)
c(166, 167, 382, 413, 526, 530, 531, 533)
c(413, 526, 532, 563)
c(143, 497, 498, 535, 571)
c(143, 534, 548)
c(143, 157, 498, 499, 542, 544, 559, 650)
c(305, 310, 311, 538)
c(305, 311, 363, 487, 537, 554, 572)
c(506, 541, 552)
c(486, 564, 565, 566, 567)
c(503, 504, 506, 539, 552, 567, 646, 651)
c(499, 536, 543, 545, 562, 649, 650)
c(542, 545, 562)
c(516, 518, 536, 559, 650)
c(542, 543, 562, 645, 648, 649)
c(548, 549, 571)
c(144, 145, 158, 159, 163, 549)
c(143, 157, 535, 546, 549, 571)
c(144, 158, 517, 546, 547, 548, 559, 570)
c(483, 505, 519, 522, 551, 552, 553, 560)
c(489, 491, 522, 550, 553)
c(505, 506, 539, 541, 550, 560, 646)
c(491, 550, 551, 560, 561, 646)
c(311, 362, 363, 371, 487, 488, 538, 555, 623, 644)
c(371, 554, 621, 639, 644)
c(557, 630, 631, 640)
c(518, 556, 558, 616, 631, 640)
c(557, 608, 640, 641)
c(157, 516, 517, 536, 544, 549)
c(550, 552, 553, 646)
c(491, 494, 553, 562, 647, 648)
c(492, 494, 499, 542, 543, 545, 561, 648)
c(413, 415, 526, 527, 533, 564, 565)
c(527, 540, 563, 565)
c(415, 486, 540, 563, 564, 568)
c(500, 528, 529, 540, 567)
c(484, 485, 486, 500, 503, 540, 541, 566, 651)
c(415, 486, 565, 574, 575, 580, 582)
c(145, 146, 160, 161, 198)
c(144, 497, 549, 571)
c(497, 534, 546, 548, 570)
c(305, 396, 403, 486, 487, 538, 575, 576)
c(314, 357, 396, 397, 604)
c(568, 575, 576, 580)
c(486, 568, 572, 574, 576)
c(396, 572, 574, 575, 580, 604, 605, 606, 607)
c(592, 598, 602, 603)
c(593, 600, 601)
c(412, 580, 581, 582, 583, 586, 587)
c(357, 568, 574, 576, 579, 582, 587, 604)
c(411, 412, 579, 583)
c(412, 415, 568, 579, 580)
c(404, 411, 579, 581, 586, 596, 601)
c(405, 421, 422, 424, 585)
c(404, 422, 584, 595, 597, 598, 603)
c(355, 579, 583, 587, 601)
c(355, 356, 357, 579, 580, 586)
c(398, 399, 400, 420, 423, 589)
c(398, 423, 588, 590)
c(398, 423, 589, 591)
c(398, 401, 423, 425, 590, 594, 595)
c(401, 426, 427, 577, 593, 594, 595, 600, 602, 603)
c(355, 427, 578, 592, 600)
c(398, 401, 426, 591, 592)
c(401, 422, 425, 585, 591, 592, 603)
c(404, 583, 597, 600, 601)
c(404, 585, 596, 598, 599, 600, 602)
c(577, 585, 597, 599, 603)
c(597, 598, 602)
c(578, 592, 593, 596, 597, 601, 602)
c(355, 578, 583, 586, 596, 600)
c(577, 592, 597, 599, 600)
c(577, 585, 592, 595, 598)
c(357, 396, 573, 576, 580, 605, 606)
c(396, 576, 604, 606, 607)
c(576, 604, 605, 607)
c(576, 605, 606)
c(368, 369, 558, 609, 616, 641)
c(368, 608, 610, 616, 618)
c(368, 609, 618, 619, 620, 633, 638, 689)
c(612, 653, 668)
c(611, 653, 654, 663, 664, 668)
c(353, 366, 614, 615, 624)
c(360, 613, 615, 625)
c(353, 354, 360, 613, 614)
c(514, 518, 557, 608, 609, 618)
c(513, 514, 619, 620, 653, 666)
c(514, 609, 610, 616, 619)
c(610, 617, 618, 620)
c(301, 610, 617, 619, 633, 653, 656)
c(371, 372, 373, 555, 622, 639, 640)
c(369, 370, 373, 621, 624, 640, 684, 688)
c(362, 364, 371, 554)
c(373, 613, 622, 625, 684, 688)
c(360, 614, 624, 672, 684)
c(79, 360, 361, 671, 672)
c(628, 630, 645, 649)
c(627, 630, 631, 649)
c(630, 639, 640, 642, 643, 644, 645, 648)
c(556, 627, 628, 629, 640, 645)
c(518, 556, 557, 628, 649)
c(265, 267, 302, 303, 635, 661, 662)
c(301, 303, 610, 620, 634, 638)
c(303, 633, 635, 636, 695, 696)
c(225, 264, 303, 632, 634, 636)
c(177, 264, 634, 635, 696)
c(368, 369, 684, 686, 689, 690)
c(610, 633, 670, 687, 689, 691, 692, 695)
c(555, 621, 629, 640, 644)
c(370, 556, 557, 558, 621, 622, 629, 630, 639, 641)
c(369, 370, 558, 608, 640)
c(629, 643, 648, 651, 652)
c(629, 642, 644, 652)
c(402, 487, 554, 555, 629, 639, 643, 652)
c(545, 627, 629, 630, 648, 649)
c(541, 552, 553, 560, 647, 648, 651)
c(561, 646, 648)
c(545, 561, 562, 629, 642, 645, 646, 647, 651)
c(518, 542, 545, 627, 628, 631, 645, 650)
c(518, 536, 542, 544, 649)
c(485, 541, 567, 642, 646, 648, 652)
c(402, 485, 642, 643, 644, 651)
c(611, 612, 617, 620, 656, 666, 667, 668)
c(52, 612, 655, 656, 664, 665)
c(52, 53, 654, 656, 659, 662)
c(301, 620, 653, 654, 655, 657, 659)
c(301, 302, 656, 658, 659, 661)
c(302, 657, 661)
c(655, 656, 657, 660, 662)
c(659, 661, 662)
c(302, 632, 657, 658, 660, 662)
c(53, 265, 266, 632, 655, 659, 660, 661)
c(38, 49, 51, 237, 612, 664, 665)
c(612, 654, 663, 665)
c(38, 52, 266, 654, 663, 664)
c(279, 513, 617, 653, 667)
c(237, 279, 280, 653, 666, 668)
c(237, 611, 612, 653, 667)
c(235, 280, 511, 512)
c(78, 79, 638, 671, 691, 692, 694, 695)
c(79, 626, 670, 686, 693, 694)
c(360, 625, 626, 684, 686)
c(78, 79, 171, 361, 675, 680, 698)
c(71, 170, 675, 676, 677, 699)
c(170, 171, 673, 674, 698, 699)
c(170, 172, 173, 674, 677)
c(70, 73, 77, 169, 173, 277, 674, 676, 678)
c(75, 77, 87, 168, 169, 677)
c(171, 288, 289, 680, 682, 683)
c(171, 361, 673, 679, 681, 682)
c(360, 361, 680, 682)
c(289, 291, 294, 360, 679, 680, 681)
c(288, 289, 290, 292, 679)
c(369, 622, 624, 625, 637, 672, 686, 688)
c(686, 687, 690, 693)
c(637, 671, 672, 684, 685, 690, 693)
c(638, 685, 689, 690, 691, 692, 693, 694)
c(622, 624, 684)
c(368, 610, 637, 638, 687, 690, 691)
c(637, 685, 686, 687, 689)
c(638, 670, 687, 689, 692)
c(638, 670, 687, 691, 694)
c(671, 685, 686, 687, 694)
c(670, 671, 687, 692, 693)
c(78, 634, 638, 670, 696, 698)
c(177, 178, 634, 636, 695, 697, 698, 699)
c(70, 71, 178, 696, 699)
c(78, 673, 675, 695, 696, 699)
c(71, 674, 675, 696, 697, 698)
c(701, 703, 715, 753)
c(700, 703, 715)
c(709, 715, 1106, 1110, 1118)
c(700, 701, 714, 715, 753, 767, 769, 771)
c(705, 726, 729, 853, 864, 865)
c(704, 726, 758, 1187, 1189)
c(708, 852, 854, 858, 859, 860)
c(708, 792, 798, 857, 858)
c(706, 707, 792, 814, 815, 860)
c(203, 702, 715, 767, 1106)
c(711, 930, 1109, 1110, 1117)
c(710, 712, 930, 1109, 1114)
c(711, 1098, 1100, 1109, 1111, 1114)
c(752, 754, 811, 812, 1213)
c(703, 753, 754, 771, 1213)
c(700, 701, 702, 703, 709, 753, 767, 1115, 1118)
c(316, 322, 717, 721, 732, 956, 957)
c(316, 716, 718, 733, 780, 781, 786)
c(717, 733, 786)
c(322, 324, 325, 720)
c(320, 322, 324, 719, 721)
c(320, 322, 716, 720, 732, 953)
c(723, 793, 913, 965)
c(722, 793, 794, 795, 797, 798, 857, 913)
c(725, 731, 755, 757, 898)
c(724, 752, 757, 810, 811, 898)
c(323, 704, 705, 727, 729, 758, 1200, 1201)
c(323, 726, 728, 729, 749, 761, 851, 866)
c(727, 749, 763, 764, 850, 851)
c(704, 726, 727, 853, 866)
c(731, 734, 803, 809, 898, 1070, 1071, 1087, 1088, 1246, 1308)
c(724, 730, 755, 803, 898)
c(716, 721, 953, 957, 958)
c(717, 718, 786, 790, 956)
c(730, 735, 809, 1058, 1070)
c(734, 738, 776, 809, 1300)
c(1057, 1058, 1062, 1065, 1066, 1067, 1081, 1087)
c(738, 1057, 1058, 1068, 1084)
c(735, 737, 741, 773, 776, 1058, 1084)
c(740, 750, 751, 1084, 1085)
c(739, 741, 1084, 1086)
c(738, 740, 761, 773, 775, 1084, 1086)
c(745, 746, 1096, 1108, 1111, 1144, 1172)
c(203, 1107, 1108)
c(745, 746, 1095, 1096, 1141, 1157)
c(742, 744, 746, 1096)
c(742, 744, 745, 1143)
c(1134, 1140, 1163)
c(1136, 1139, 1140)
c(727, 728, 750, 761, 764, 1085)
c(739, 749, 751, 1068, 1072, 1085)
c(739, 750, 1068, 1084)
c(713, 725, 753, 754, 811, 898, 949, 950)
c(700, 703, 714, 715, 752, 754, 950, 1115)
c(713, 714, 752, 753, 1213)
c(724, 731, 756, 757, 803)
c(755, 757, 803, 812, 1306, 1307, 1309)
c(724, 725, 755, 756, 810, 811, 812)
c(705, 726, 1179, 1180, 1189, 1200)
c(760, 1180, 1184, 1185, 1186, 1187)
c(759, 1180, 1186)
c(323, 727, 741, 749, 762, 774, 775, 1085, 1086)
c(323, 761, 774, 1195, 1196, 1197, 1199, 1204)
c(728, 764, 792, 850)
c(728, 749, 763, 792, 1072, 1073)
c(766, 774, 804, 1181, 1183, 1197)
c(765, 804, 805, 1183, 1283)
c(203, 703, 709, 715, 769)
c(769, 770, 772, 1216)
c(203, 703, 767, 768, 770, 771, 772)
c(202, 768, 769, 1213, 1215, 1216)
c(703, 714, 769, 772, 1213, 1216)
c(768, 769, 771, 1216)
c(738, 741, 775, 776, 1297, 1298)
c(761, 762, 765, 775, 804, 1197, 1285)
c(741, 761, 773, 774, 1285, 1286, 1298)
c(735, 738, 773, 1297, 1300)
c(326, 327, 778, 787, 837, 841)
c(327, 777, 779, 787)
c(327, 328, 778, 780, 789)
c(316, 328, 717, 779, 781)
c(717, 780, 786, 789)
c(783, 807, 819, 826, 828, 829)
c(782, 819, 824, 826, 833)
c(785, 787, 788, 789, 790, 807, 808)
c(784, 790, 808, 964)
c(717, 718, 733, 781, 789, 790)
c(777, 778, 784, 788, 789, 841)
c(784, 787, 807, 829, 841)
c(779, 781, 784, 786, 787, 790)
c(733, 784, 785, 786, 789, 956, 964)
c(343, 344, 822, 823, 838)
c(707, 708, 763, 764, 797, 798, 815, 850, 875, 1073, 1075)
c(722, 723, 794, 808, 965)
c(723, 793, 795, 807, 808, 819)
c(723, 794, 796, 818, 819, 820, 857)
795
c(723, 792, 798, 799, 875, 913)
c(707, 723, 792, 797, 857)
c(797, 873, 875, 913, 1079)
c(801, 1275, 1281, 1282)
c(800, 802, 1275, 1282)
c(801, 1271, 1275, 1282)
c(730, 731, 755, 756, 1308, 1309)
c(765, 766, 774, 805, 1285)
c(766, 804, 1283, 1285, 1286)
c(809, 1279, 1283, 1299, 1305)
c(782, 784, 788, 794, 808, 819, 829)
c(784, 785, 793, 794, 807, 964, 965)
c(730, 734, 735, 806, 1246, 1279, 1282, 1284, 1299, 1300, 1303, 1304)
c(725, 757, 811)
c(713, 725, 752, 757, 810, 812)
c(713, 756, 757, 811, 1213, 1214, 1307)
817:821
c(708, 815, 847, 850, 859, 860)
c(708, 792, 814, 850)
862
c(813, 818, 821, 852)
c(795, 813, 817, 820, 852, 856, 857, 858)
c(782, 783, 794, 795, 807, 813, 820, 821, 824)
c(795, 813, 818, 819)
c(813, 817, 819, 822, 823, 824)
c(791, 821, 823)
c(791, 821, 822, 824, 830, 838)
c(783, 819, 821, 823, 830, 831, 833)
c(333, 342, 344, 826, 827, 834, 836, 838)
c(782, 783, 825, 827, 828, 833, 838, 839)
c(825, 826, 828, 836, 837, 841)
c(782, 826, 827, 829, 841, 842)
c(782, 788, 807, 828, 841, 842)
c(823, 824, 831, 838, 839)
c(824, 830, 832, 833, 839)
c(831, 833, 839)
c(783, 824, 826, 831, 832, 839)
c(335, 342, 825, 836, 844)
c(836, 837, 844, 845)
c(825, 827, 834, 835, 837, 844)
c(326, 332, 777, 827, 835, 836, 841, 845)
c(333, 791, 823, 825, 826, 830, 839)
c(826, 830, 831, 832, 833, 838, 840)
839
c(777, 787, 788, 827, 828, 829, 837, 842, 843)
c(828, 829, 841, 843)
841:842
c(335, 337, 834, 835, 836, 845)
c(329, 331, 332, 336, 337, 835, 837, 844)
c(847, 849, 852, 853, 854, 859, 861, 866)
c(814, 846, 848, 850, 851, 859, 861, 866)
c(847, 851, 866)
c(846, 854, 855, 859, 861)
c(728, 763, 792, 814, 815, 847, 851)
c(727, 728, 847, 848, 850, 866)
c(706, 817, 818, 846, 853, 854, 856, 858, 862, 863)
c(704, 729, 846, 852, 863, 864, 866)
c(706, 846, 849, 852, 859)
c(849, 859, 861)
c(818, 852)
c(707, 723, 795, 798, 818, 858)
c(706, 707, 818, 852, 857)
c(706, 814, 846, 847, 849, 854, 855, 860, 861)
c(706, 708, 814, 859)
c(846, 847, 849, 855, 859)
c(816, 852, 863)
c(852, 853, 862, 864, 865)
c(704, 853, 863, 865)
c(704, 863, 864)
c(727, 729, 846, 847, 848, 851, 853)
c(868, 889, 1061, 1066, 1081, 1083)
c(867, 869, 889, 896, 898, 1066)
c(868, 889, 896, 925, 927)
c(262, 931, 932, 985, 986)
c(18, 262, 263, 872, 981, 982, 983, 987, 1054)
c(18, 261, 871, 983)
c(799, 874, 913, 915, 1079, 1080)
c(873, 876, 877, 915, 970, 1080)
c(792, 797, 799, 1074, 1075, 1079)
c(874, 877, 970)
c(874, 876, 878, 891, 903, 904, 941, 970, 971, 1077, 1080)
c(877, 879, 889, 891, 941, 1082)
c(878, 941, 1060, 1082)
c(271, 351, 882, 883, 895, 994, 1016)
c(882, 900, 901, 908)
c(271, 880, 881, 883, 901, 902)
c(880, 882, 902, 945, 994)
c(888, 1032, 1034, 1035)
c(887, 894, 929, 936, 1036, 1037)
c(306, 307, 887, 888, 936, 1035, 1037)
c(885, 886, 936, 1037)
c(884, 886, 1034, 1035, 1037, 1038, 1039)
c(867, 868, 869, 878, 891, 925, 939, 940, 1082, 1083)
c(891, 900, 907, 916, 939, 942, 1051, 1052)
c(877, 878, 889, 890, 904, 906, 907, 939)
c(1043, 1047, 1049, 1050)
c(350, 989, 990, 991, 1002, 1042, 1043, 1047)
c(885, 895, 929, 1015, 1016, 1036)
c(271, 880, 894, 908, 929, 1016)
c(868, 869, 898, 927, 949)
c(898, 1066, 1088)
c(724, 725, 730, 731, 752, 868, 896, 897, 949, 1088)
c(945, 946, 996, 997, 998, 1000)
c(881, 890, 901, 907, 908, 1051)
c(881, 882, 900, 902, 943, 945, 1051)
c(882, 883, 901, 945)
c(877, 904, 969, 971)
c(877, 891, 903, 905, 906, 968, 969)
c(904, 906, 907, 911, 968)
c(891, 904, 905, 907)
c(890, 891, 900, 905, 906, 908, 912)
c(271, 881, 895, 900, 907, 910, 912, 928, 929, 962, 963)
c(910, 911, 961, 962, 963)
c(908, 909, 911, 912, 963)
c(905, 909, 910, 912, 961, 968)
c(907, 908, 910, 911)
c(722, 723, 797, 799, 873, 915, 965, 979)
c(915, 952, 966, 970, 971, 974, 979)
c(873, 874, 913, 914, 970, 979)
c(890, 917, 939, 942, 943, 1051)
c(916, 918, 919, 939, 943)
c(917, 919, 925, 926, 939)
c(917, 918, 920, 923, 926, 943, 944, 1103)
c(919, 921, 923, 944, 946)
c(920, 922, 923, 924, 946)
c(921, 924, 931, 946, 984)
c(919, 920, 921, 924, 1103)
c(921, 922, 923, 930, 931, 1103)
c(869, 889, 918, 926, 927, 1102)
c(918, 919, 925, 1102, 1103, 1104)
c(869, 896, 925, 948, 949, 1102, 1115)
c(313, 314, 908, 929, 938, 961, 962, 972, 973, 977)
c(313, 885, 894, 895, 908, 928, 936)
c(259, 260, 710, 711, 924, 931, 933, 1103, 1104, 1105, 1114, 1116, 1117)
c(870, 922, 924, 930, 932, 933, 934, 984, 985)
c(258, 262, 870, 931, 934)
c(260, 930, 931, 934, 935)
c(258, 931, 932, 933, 935)
c(258, 260, 933, 934, 1112)
c(306, 311, 312, 313, 885, 886, 887, 929, 978)
c(938, 959, 960)
c(314, 928, 937, 959, 960, 972)
c(889, 890, 891, 916, 917, 918)
c(889, 1082)
c(877, 878, 879, 1059, 1060, 1062, 1077, 1078)
c(890, 916, 1051, 1052)
c(901, 916, 917, 919, 944, 1051)
c(919, 920, 943, 945, 946)
c(883, 899, 901, 902, 944, 946, 994, 997)
c(899, 920, 921, 922, 944, 945, 984, 1000)
c(247, 248, 1091, 1093, 1094, 1101)
c(927, 1102, 1105, 1115, 1116)
c(752, 896, 898, 927, 950, 1115)
c(752, 753, 949, 1115)
c(952, 957, 958, 959, 960, 964, 979)
c(914, 951, 960, 972, 974, 979)
c(317, 320, 321, 721, 732, 954, 958)
c(318, 319, 953, 955, 958, 959)
c(314, 319, 954, 959)
c(716, 733, 790, 957, 964)
c(716, 732, 951, 956, 958, 964)
c(732, 951, 953, 954, 957, 959)
c(314, 937, 938, 951, 954, 955, 958, 960)
c(937, 938, 951, 952, 959, 972)
c(909, 911, 928, 962, 967, 968, 973, 975)
c(908, 909, 928, 961, 963)
c(908, 909, 910, 962)
c(785, 790, 808, 951, 956, 957, 965, 979)
c(722, 793, 808, 913, 964, 979)
c(914, 967, 974, 976)
c(961, 966, 968, 969, 971, 975, 976)
c(904, 905, 911, 961, 967, 969)
c(903, 904, 967, 968, 971)
c(874, 876, 877, 914, 915, 971)
c(877, 903, 914, 967, 969, 970)
c(928, 938, 952, 960, 973, 974)
c(928, 961, 972, 974, 975)
c(914, 952, 966, 972, 973, 975, 976)
c(961, 967, 973, 974, 976)
c(966, 967, 974, 975)
c(304, 313, 314, 315, 928, 978)
c(304, 310, 311, 313, 936, 977)
c(913, 914, 915, 951, 952, 964, 965)
c(981, 982, 1013, 1014)
c(27, 871, 980, 982, 983, 1014)
c(871, 980, 981, 1013, 1053, 1054)
c(19, 27, 261, 871, 872, 981)
c(922, 931, 946, 985, 1000)
c(870, 931, 984, 986, 1000)
c(262, 870, 985, 987, 1000, 1053)
c(262, 871, 986, 1053, 1054)
c(28, 282, 283, 286, 287, 992, 1014)
c(281, 893, 991, 992, 1002, 1003, 1004)
c(349, 350, 353, 354, 893, 991)
c(354, 893, 989, 990, 992)
c(281, 283, 354, 360, 988, 989, 991, 1014)
c(351, 352, 994, 995, 996, 997)
c(351, 880, 883, 945, 993, 997)
c(352, 993, 996, 998, 1008, 1010)
c(899, 993, 995, 997)
c(899, 945, 993, 994, 996)
c(899, 995, 1000, 1005, 1006, 1010)
c(1000, 1007, 1011, 1012, 1055)
c(899, 946, 984, 985, 986, 998, 999, 1005, 1006, 1007, 1012, 1053)
c(1002, 1003, 1022, 1023, 1025)
c(893, 989, 1001, 1003, 1004, 1042)
c(281, 352, 989, 1001, 1002, 1004, 1025)
c(989, 1002, 1003)
c(998, 1000, 1006, 1007, 1056)
c(998, 1000, 1005, 1010, 1056)
c(999, 1000, 1005, 1011, 1012, 1056)
c(281, 995, 1009, 1010, 1013, 1055)
c(1008, 1012, 1013, 1055)
c(995, 998, 1006, 1008, 1055, 1056)
c(999, 1007, 1012, 1055, 1056)
c(999, 1000, 1007, 1009, 1011, 1013, 1053, 1055)
c(281, 980, 982, 1008, 1009, 1012, 1014, 1053)
c(27, 269, 270, 281, 282, 980, 981, 988, 992, 1013)
c(894, 1016, 1032, 1033, 1034, 1039)
c(351, 880, 894, 895, 1015, 1024, 1033)
c(1018, 1020, 1021, 1024, 1026, 1033, 1040, 1041, 1044, 1045, 1048)
c(1017, 1019, 1020, 1027, 1028, 1031)
c(1018, 1020, 1031, 1033)
c(1017, 1018, 1019, 1033)
c(1017, 1022, 1024, 1041, 1042)
c(1001, 1021, 1023, 1024, 1042)
c(1001, 1022, 1024, 1025)
c(351, 1016, 1017, 1021, 1022, 1023, 1025, 1033)
c(351, 352, 1001, 1003, 1023, 1024)
c(345, 346, 347, 348, 1017, 1027, 1028, 1029, 1030, 1048)
c(1018, 1026, 1028, 1030, 1031)
c(1018, 1026, 1027)
c(346, 347, 348, 349, 1026, 1045, 1048, 1050)
c(308, 345, 1026, 1027, 1031)
c(308, 1018, 1019, 1027, 1030, 1032, 1033)
c(308, 309, 884, 1015, 1031, 1033, 1034, 1035)
c(1015, 1016, 1017, 1019, 1020, 1024, 1031, 1032)
c(884, 888, 1015, 1032, 1039)
c(307, 309, 884, 886, 888, 1032)
c(885, 894, 1037, 1038, 1039)
c(885, 886, 887, 888, 1036, 1038)
c(888, 1036, 1037, 1039)
c(888, 1015, 1034, 1036, 1038)
c(1017, 1041, 1045)
c(1017, 1021, 1040, 1042, 1045, 1046, 1047)
c(893, 1002, 1021, 1022, 1041, 1047)
c(348, 349, 350, 892, 893, 1047, 1049)
c(1017, 1045, 1048)
c(1017, 1029, 1040, 1041, 1044, 1046, 1048, 1050)
c(1041, 1045, 1047, 1050)
c(892, 893, 1041, 1042, 1043, 1046, 1050)
c(348, 1017, 1026, 1029, 1044, 1045)
c(348, 892, 1043, 1050)
c(348, 892, 1029, 1045, 1046, 1047, 1049)
c(890, 900, 901, 916, 942, 943, 1052)
c(890, 942, 1051)
c(982, 986, 987, 1000, 1012, 1013, 1054)
c(871, 982, 987, 1053)
c(999, 1008, 1009, 1010, 1011, 1012, 1056)
c(1005, 1006, 1007, 1010, 1011, 1055)
c(736, 737, 1058, 1065, 1068, 1069, 1072)
c(734, 736, 737, 738, 1057, 1067, 1070)
c(941, 1060, 1061, 1062, 1081)
c(879, 941, 1059, 1061, 1082, 1083)
c(867, 1059, 1060, 1081, 1083)
c(736, 941, 1059, 1065, 1078, 1081)
c(1064, 1069, 1072, 1073, 1075)
c(1063, 1065, 1069, 1075, 1078)
c(736, 1057, 1062, 1064, 1069, 1078)
c(736, 867, 868, 897, 1081, 1087, 1088)
c(736, 1058, 1070, 1087)
c(737, 750, 751, 1057, 1072, 1084)
c(1057, 1063, 1064, 1065, 1072)
c(730, 734, 1058, 1067, 1087)
c(730, 1087, 1088)
c(750, 764, 1057, 1063, 1068, 1069, 1073)
c(764, 792, 1063, 1072, 1075)
c(875, 1075, 1076, 1077, 1078, 1079)
c(792, 875, 1063, 1064, 1073, 1074, 1078)
c(1074, 1077, 1078)
c(877, 941, 1074, 1076, 1078, 1079, 1080)
c(941, 1062, 1064, 1065, 1074, 1075, 1076, 1077)
c(799, 873, 875, 1074, 1077, 1080)
c(873, 874, 877, 1077, 1079)
c(736, 867, 1059, 1061, 1062, 1066)
c(878, 879, 889, 940, 1060, 1083)
c(867, 889, 1060, 1061, 1082)
c(737, 738, 739, 740, 741, 751, 1068)
c(739, 749, 750, 761, 1086)
c(740, 741, 761, 1085)
c(730, 736, 1066, 1067, 1070, 1071, 1088)
c(730, 897, 898, 1066, 1071, 1087)
c(1091, 1093, 1119, 1121)
c(11, 1091, 1120, 1121)
c(11, 248, 947, 1089, 1090, 1093, 1121)
c(258, 1093, 1097, 1099, 1114, 1119)
c(258, 947, 1089, 1091, 1092, 1094, 1097, 1119)
c(947, 1093, 1097, 1101)
c(744, 1096, 1111, 1157)
c(742, 744, 745, 1095, 1111)
c(250, 1092, 1093, 1094, 1099, 1101)
c(712, 1099, 1100, 1111, 1114, 1157)
c(250, 1092, 1097, 1098, 1100, 1114, 1157, 1158, 1164, 1165)
c(712, 1098, 1099)
c(247, 249, 250, 947, 1094, 1097)
c(925, 926, 927, 948, 1104, 1105)
c(919, 923, 924, 926, 930, 1104)
c(926, 930, 1102, 1103, 1105)
c(930, 948, 1102, 1104, 1116)
c(702, 709, 1107, 1110)
c(203, 743, 1106, 1108, 1109, 1110, 1111)
c(742, 743, 1107, 1111)
c(710, 711, 712, 1107, 1110, 1111)
c(702, 710, 1106, 1107, 1109, 1117, 1118)
c(712, 742, 1095, 1096, 1098, 1107, 1108, 1109, 1157)
c(258, 260, 935, 1113)
c(258, 259, 260, 1112, 1114)
c(258, 259, 711, 712, 930, 1092, 1098, 1099, 1113)
c(715, 753, 927, 948, 949, 950, 1116, 1118)
c(930, 948, 1105, 1115, 1117, 1118)
c(710, 930, 1110, 1116, 1118)
c(702, 715, 1110, 1115, 1116, 1117)
c(258, 1089, 1092, 1093, 1120, 1121)
c(11, 258, 1090, 1119, 1121)
c(1089, 1090, 1091, 1119, 1120)
c(1123, 1125, 1133, 1150, 1174)
c(1122, 1124, 1125, 1150, 1151, 1170)
c(1123, 1148, 1151, 1171)
c(1122, 1123, 1126, 1127, 1145, 1169, 1170, 1174)
c(1125, 1169, 1170)
c(1125, 1145, 1167, 1174)
c(1129, 1130, 1132, 1133, 1164, 1165)
c(230, 242, 1128, 1132, 1149, 1151, 1155, 1164)
c(1128, 1131, 1133, 1135, 1136, 1160, 1165)
c(1130, 1133, 1139, 1173, 1174)
c(1128, 1129, 1133, 1150, 1151)
c(1122, 1128, 1130, 1131, 1132, 1174)
c(747, 1135, 1140, 1162, 1163)
c(1130, 1134, 1136, 1160, 1162)
c(748, 1130, 1135, 1139, 1140)
c(240, 242, 251, 252, 256, 1138, 1164)
c(240, 241, 256, 1137)
c(748, 1131, 1136, 1140, 1173)
c(747, 748, 1134, 1136, 1139, 1141, 1142, 1163, 1173)
c(744, 1140, 1142, 1143, 1144, 1163, 1172)
c(1140, 1141, 1167, 1172, 1173)
c(746, 1141, 1144)
c(742, 1141, 1143, 1172)
c(1125, 1127, 1146, 1147, 1169, 1170, 1175, 1176)
c(1145, 1167, 1168, 1176)
c(1145, 1175, 1178)
c(216, 230, 1124, 1149, 1151, 1171)
c(230, 1129, 1148, 1151)
c(1122, 1123, 1132, 1151)
c(1123, 1124, 1129, 1132, 1148, 1149, 1150)
c(241, 242, 244, 1153)
c(242, 244, 1152, 1154, 1155, 1156)
c(226, 227, 243, 244, 1153, 1156)
c(229, 242, 1129, 1153)
c(226, 229, 232, 1153, 1154)
c(744, 1095, 1098, 1099, 1111, 1158, 1159, 1161, 1163)
c(1099, 1157, 1159, 1160, 1165)
c(1157, 1158, 1160, 1161)
c(1130, 1135, 1158, 1159, 1161, 1162, 1165)
c(1157, 1159, 1160, 1162, 1163)
c(1134, 1135, 1160, 1161)
c(747, 1134, 1140, 1141, 1157, 1161)
c(242, 250, 251, 1099, 1128, 1129, 1137, 1165)
c(1099, 1128, 1130, 1158, 1160, 1164)
c(239, 241, 243, 245, 257)
c(1127, 1142, 1146, 1168, 1172, 1173, 1174, 1176)
c(1146, 1167, 1176)
c(1125, 1126, 1145, 1170)
c(1123, 1125, 1126, 1145, 1169, 1171, 1175)
c(216, 219, 1124, 1148, 1170, 1175)
c(742, 1141, 1142, 1144, 1167, 1176, 1177)
c(1131, 1139, 1140, 1142, 1167)
c(1122, 1125, 1127, 1131, 1133, 1167)
c(219, 1145, 1147, 1170, 1171)
c(1145, 1146, 1167, 1168, 1172, 1177, 1178)
c(1172, 1176, 1178)
c(1147, 1176, 1177)
c(758, 1180, 1185, 1186, 1189)
c(758, 759, 760, 1179, 1184, 1186, 1191, 1200)
c(765, 1182, 1183, 1190, 1194, 1197, 1198)
c(1181, 1183, 1190, 1192, 1193)
c(765, 766, 1181, 1182, 1192, 1193)
c(759, 1180)
c(759, 1179, 1186, 1188, 1189)
c(759, 760, 1179, 1180, 1185)
c(705, 759, 1188, 1189)
c(1185, 1187, 1189)
c(705, 758, 1179, 1185, 1187, 1188)
c(1181, 1182, 1192, 1194, 1198, 1203, 1206)
c(1180, 1192, 1200, 1201, 1206)
c(1182, 1183, 1190, 1191, 1193, 1206)
c(1182, 1183, 1192)
c(1181, 1190, 1195, 1197, 1198, 1203, 1204, 1205)
c(762, 1194, 1196, 1204)
c(762, 1195, 1197)
c(762, 765, 774, 1181, 1194, 1196)
c(1181, 1190, 1194)
c(323, 762, 1201, 1204)
c(726, 758, 1180, 1191, 1201)
c(323, 726, 1191, 1199, 1200, 1204, 1205, 1206)
c(1203, 1205, 1206)
c(1190, 1194, 1202, 1205, 1206)
c(762, 1194, 1195, 1199, 1201, 1205)
c(1194, 1201, 1202, 1203, 1204, 1206)
c(1190, 1191, 1192, 1201, 1202, 1203, 1205)
c(201, 1211, 1212, 1214, 1238, 1306, 1307)
c(1209, 1210, 1232, 1236, 1238)
c(1208, 1210, 1236, 1237, 1293, 1312)
c(1208, 1209, 1211, 1238, 1288, 1312, 1313)
c(1207, 1210, 1212, 1238, 1288)
c(201, 1207, 1211, 1288)
c(713, 714, 754, 770, 771, 812, 1214, 1215, 1216)
c(201, 812, 1207, 1213, 1215, 1307)
c(201, 202, 770, 1213, 1214)
c(768, 770, 771, 772, 1213)
c(1218, 1219, 1262, 1290, 1291)
c(1217, 1219, 1291)
c(1217, 1218, 1220, 1262, 1291, 1316)
c(1219, 1226, 1291, 1316)
1262
c(1223, 1225, 1267, 1319, 1323)
c(1222, 1225, 1226, 1261, 1268, 1270)
c(1225, 1314, 1315, 1319, 1320, 1335)
c(1222, 1223, 1224, 1226, 1315, 1319)
c(1220, 1223, 1225, 1261, 1289, 1290, 1315, 1316)
c(1228, 1229, 1233, 1263, 1264)
c(1227, 1229, 1230, 1231, 1233, 1234, 1235, 1246, 1250, 1251, 1257, 1292)
c(1227, 1228, 1230, 1258, 1263)
c(1228, 1229, 1257, 1258, 1263)
c(1228, 1232, 1234, 1246, 1306, 1310)
c(1208, 1231, 1234, 1236, 1238, 1306)
c(1227, 1228, 1246, 1264, 1271, 1282)
c(1228, 1231, 1232, 1235, 1236)
c(1228, 1234, 1236, 1237, 1292)
c(1208, 1209, 1232, 1234, 1235, 1237)
c(1209, 1235, 1236, 1239, 1292, 1293, 1294)
c(1207, 1208, 1210, 1211, 1232, 1306)
c(1237, 1287, 1292, 1294, 1296, 1311)
c(1241, 1242, 1255, 1265)
c(1240, 1242, 1265, 1266, 1324)
c(1240, 1241, 1245, 1252, 1255, 1324)
c(1244, 1248, 1252, 1336)
c(1243, 1245, 1252, 1326, 1336, 1338)
c(1242, 1244, 1252, 1324, 1326)
c(730, 809, 1228, 1231, 1233, 1282, 1308, 1310)
c(1249, 1250, 1256, 1257, 1292, 1295, 1311)
c(1243, 1252, 1256, 1259, 1321, 1336, 1337)
c(1247, 1295, 1296, 1311)
c(1228, 1247, 1251, 1257, 1292)
c(1228, 1250, 1292)
c(1242, 1243, 1244, 1245, 1248, 1255, 1259, 1260, 1264, 1271, 1276)
c(1254, 1260, 1265, 1276, 1278)
c(1253, 1255, 1260, 1265)
c(1240, 1242, 1252, 1254, 1260, 1265)
c(1247, 1248, 1257, 1258, 1259, 1263, 1264, 1311, 1322)
c(1228, 1230, 1247, 1250, 1256, 1258)
c(1229, 1230, 1256, 1257, 1263)
c(1248, 1252, 1256, 1264)
c(1252, 1253, 1254, 1255, 1276)
c(1223, 1226, 1262, 1269, 1270, 1271, 1272, 1289)
c(1217, 1219, 1221, 1261, 1289, 1290)
c(1227, 1229, 1230, 1256, 1258, 1264)
c(1227, 1233, 1252, 1256, 1259, 1263, 1271)
c(1240, 1241, 1253, 1254, 1255, 1266, 1273, 1274, 1278)
c(1241, 1265, 1267, 1274, 1324)
c(1222, 1266, 1268, 1274, 1323, 1324)
c(1223, 1267, 1270, 1272, 1274)
c(1261, 1270, 1272)
c(1223, 1261, 1268, 1269, 1272)
c(802, 1233, 1252, 1261, 1264, 1272, 1273, 1275, 1276, 1277, 1283)
c(1261, 1268, 1269, 1270, 1271, 1273, 1274)
c(1265, 1271, 1272, 1274, 1277, 1278)
c(1265, 1266, 1267, 1268, 1272, 1273)
c(800, 801, 802, 1271, 1279, 1280, 1281, 1283)
c(1252, 1253, 1260, 1271, 1277, 1278)
c(1271, 1273, 1276, 1278)
c(1253, 1265, 1273, 1276, 1277)
c(806, 809, 1275, 1281, 1282, 1283)
c(1275, 1281)
c(800, 1275, 1279, 1280, 1282)
c(800, 801, 802, 809, 1233, 1246, 1279, 1281)
c(766, 805, 806, 1271, 1275, 1279, 1286)
c(809, 1299, 1304)
c(774, 775, 804, 805, 1286)
c(775, 805, 1283, 1285, 1305)
c(1239, 1293, 1294, 1312, 1313)
c(1210, 1211, 1212, 1313)
c(1226, 1261, 1262, 1290)
c(1217, 1226, 1262, 1289, 1291)
c(1217, 1218, 1219, 1220, 1290)
c(1228, 1235, 1237, 1239, 1247, 1250, 1251, 1295, 1296)
c(1209, 1237, 1287, 1294)
c(1237, 1239, 1287, 1293)
c(1247, 1249, 1292, 1296)
c(1239, 1249, 1292, 1295, 1311)
c(773, 776, 1298, 1301)
c(773, 775, 1297, 1301, 1305)
c(806, 809, 1284, 1304, 1305)
c(735, 776, 809, 1301, 1303)
c(1297, 1298, 1300, 1302, 1303, 1305)
c(1301, 1303, 1304, 1305)
c(809, 1300, 1301, 1302, 1304)
c(809, 1284, 1299, 1302, 1303, 1305)
c(806, 1286, 1298, 1299, 1301, 1302, 1304)
c(756, 1207, 1231, 1232, 1238, 1307, 1309)
c(756, 812, 1207, 1214, 1306)
c(730, 803, 1246, 1309, 1310)
c(756, 803, 1306, 1308, 1310)
c(1231, 1246, 1308, 1309)
c(1239, 1247, 1249, 1256, 1296, 1322, 1331, 1340, 1341, 1342)
c(1209, 1210, 1287, 1313)
c(1210, 1287, 1288, 1312)
c(1224, 1315, 1335)
c(1224, 1225, 1226, 1314, 1316, 1330, 1335)
c(1219, 1220, 1226, 1315, 1330, 1331)
c(1318, 1324, 1325)
c(1317, 1319, 1328)
c(1222, 1224, 1225, 1318, 1320, 1323, 1325, 1328)
c(1224, 1319, 1327, 1328, 1334, 1335, 1345)
c(1248, 1322, 1337)
c(1256, 1311, 1321, 1337, 1341, 1342)
c(1222, 1267, 1319, 1324, 1325)
c(1241, 1242, 1245, 1266, 1267, 1317, 1323, 1325, 1328)
c(1317, 1319, 1323, 1324)
c(1244, 1245, 1327, 1328, 1338)
c(1320, 1326, 1328, 1338, 1343, 1345)
c(1318, 1319, 1320, 1324, 1326, 1327)
c(1330, 1331, 1332, 1333, 1335)
c(1315, 1316, 1329, 1331, 1335)
c(1311, 1316, 1329, 1330, 1332, 1342)
c(1329, 1331, 1333, 1339, 1342, 1344)
c(1329, 1332, 1334, 1335, 1344)
c(1320, 1333, 1335, 1343, 1344, 1345)
c(1224, 1314, 1315, 1320, 1329, 1330, 1333, 1334)
c(1243, 1244, 1248, 1337, 1338)
c(1248, 1321, 1322, 1336, 1338, 1339, 1343)
c(1244, 1326, 1327, 1336, 1337, 1343)
c(1332, 1337, 1342, 1343, 1344)
c(1311, 1341)
c(1311, 1322, 1340, 1342)
c(1311, 1322, 1331, 1332, 1339, 1341)
c(1327, 1334, 1337, 1338, 1339, 1344, 1345)
c(1332, 1333, 1334, 1339, 1343)
c(1320, 1327, 1334, 1343)
c(1347, 1417, 1419, 1422, 1428, 2561, 2562, 2680)
c(35, 1346, 1422, 1429, 2679, 2680)
c(1426, 2560, 2561, 2562, 2577, 2578, 2658)
c(31, 36, 41, 42, 43, 298, 1350, 1416)
c(43, 1349, 1404, 1405, 1416, 2320, 2321, 2496)
c(1367, 1405, 1406, 2191, 2320, 2322)
c(1353, 1354, 2303, 2305, 2344)
c(1352, 2265, 2302, 2303, 2344)
c(1352, 2237, 2301, 2343, 2344, 2345)
c(1356, 1357, 1360, 1413, 1414, 2662)
c(1355, 1357, 1358, 1414, 1417)
c(1355, 1356, 1358, 2660, 2662, 2664, 2670)
c(1356, 1357, 1417, 2659, 2660)
c(1360, 1398, 1409, 1410, 2661, 2663)
c(1355, 1359, 1410, 1411, 1413, 2661, 2662, 2664)
c(1362, 1363, 1380, 1381, 1387, 1392, 2607)
c(1361, 1363, 1392, 1393, 1396)
c(1361, 1362, 1364, 1396, 2589, 2663)
c(1363, 1396, 1409, 2663)
c(1366, 2190, 2191)
c(1365, 1368, 1399, 2191, 2192)
c(1351, 1399, 1406, 2191)
c(1366, 1369, 1371, 1399, 1403, 2192)
c(1368, 1370, 1371, 2192, 2506, 2507)
c(1369, 1371, 1732, 2506, 2508)
c(1368, 1369, 1370, 1401, 1402, 1403, 1732)
c(1373, 1375, 1376, 1706, 2511, 2515)
c(1372, 1374, 1376, 1729, 2515)
c(1373, 1727, 1729, 2515)
c(1372, 1376, 1732, 1733, 2504, 2508, 2510)
c(1372, 1373, 1375, 1729, 1733, 1734)
c(1378, 1385, 1386, 1401, 1733, 1734)
c(1377, 1379, 1381, 1386, 1734)
c(1378, 1381, 1730, 1734)
c(1361, 1381, 1392, 1730, 1731)
c(1361, 1378, 1379, 1380, 1382, 1386, 1387)
c(1381, 1386, 1387)
c(1669, 1759, 1812, 1814, 1815)
c(1759, 1762, 1773, 1815, 1816, 1817)
c(1377, 1386, 1388, 1389, 1401, 1402, 2652)
c(1377, 1378, 1381, 1382, 1385, 1387, 1388)
c(1361, 1381, 1382, 1386, 1388, 2607)
c(1385, 1386, 1387, 1389, 2607)
c(1385, 1388, 2607, 2650, 2652)
c(1394, 1395, 1396, 1886, 2525)
c(1392, 1393, 1731, 1884, 1885)
c(1361, 1362, 1380, 1391, 1393)
c(1362, 1391, 1392, 1395, 1396, 1884, 1886)
c(1390, 1396, 1398, 1409, 2525)
c(1390, 1393, 1396)
c(1362, 1363, 1364, 1390, 1393, 1394, 1395, 1409)
c(1410, 1411, 1867, 2525)
c(1359, 1394, 1409, 1410, 2525)
c(1366, 1367, 1368, 1400, 1403, 1405, 1406, 1408)
c(1399, 1403, 1408, 2608)
c(1371, 1377, 1385, 1402, 1732)
c(1371, 1385, 1401, 1403, 2652)
c(1368, 1371, 1399, 1400, 1402, 2608, 2652)
c(1350, 1405, 1407, 1416, 2649)
c(1350, 1351, 1399, 1404, 1406, 1408, 2320)
c(1351, 1367, 1399, 1405)
c(31, 1404, 1416, 2647, 2648, 2649)
c(1399, 1400, 1405, 2608, 2609, 2649)
c(1359, 1364, 1394, 1396, 1398, 2663)
c(1359, 1360, 1397, 1398, 1411, 2525)
c(1360, 1397, 1410, 1413, 1867)
c(1413, 1414, 1417, 1486, 1827, 1867)
c(1355, 1360, 1411, 1412, 1414, 1867)
c(1355, 1356, 1412, 1413, 1417)
c(31, 1416)
c(31, 1349, 1350, 1404, 1407, 1415)
c(1346, 1356, 1358, 1412, 1414, 1419, 1443, 1486, 1487, 2560, 2561, 2658, 2659)
c(1436, 1452, 1454, 1456, 1489, 1491, 1519, 2533)
c(1346, 1417, 1420, 1421, 1422, 1443)
c(1419, 1421, 1424, 1443, 1445, 2542)
c(35, 1419, 1420, 1422, 1424)
c(35, 1346, 1347, 1419, 1421)
c(33, 1424, 2542, 2543)
c(33, 34, 35, 1420, 1421, 1423, 2542)
c(1427, 1428, 2562)
c(1348, 1427, 2562, 2578, 2580, 2681)
c(1425, 1426, 1428, 2680, 2681)
c(1346, 1425, 1427, 2562, 2680)
c(34, 35, 1347, 2679)
c(1431, 1461, 1462, 1482, 1511, 1864, 1865, 2152, 2154)
c(1430, 1434, 1511, 1862, 1864, 1991)
c(1433, 1434, 1435, 1512, 1513, 1992)
c(149, 1432, 1512, 1941, 1992)
c(1431, 1432, 1435, 1511, 1513, 1991)
c(1432, 1434, 1859, 1964, 1991, 1992)
c(1418, 1489, 1497, 1501, 1504, 1505, 1515, 1519)
c(1438, 1439, 1508)
c(1437, 1439, 1506, 1581)
c(1437, 1438, 1508, 1581, 1582)
c(1441, 1941, 1945, 1946, 1959, 1988, 1990)
c(1440, 1950, 1951, 1959)
c(149, 1470, 1478, 1480, 1484, 1496, 1511, 1512, 1513, 1551)
c(1417, 1419, 1420, 1444, 1445, 1446, 1487)
c(1443, 1445, 1446, 1447, 1448)
c(1420, 1443, 1444, 1448, 2532, 2542)
c(1443, 1444, 1447, 1451, 1487, 2528)
c(1444, 1446, 1448, 2528, 2529, 2530)
c(1444, 1445, 1447, 2530, 2532)
c(1450, 2529, 2530, 2531, 2534, 2537, 2539)
c(1449, 2531)
c(101, 1446, 1487, 1844, 2527, 2528)
c(1418, 1455, 1456, 2533)
c(1458, 2533, 2534, 2535, 2537)
c(1418, 1519, 1522, 1530, 2533, 2538, 2539)
c(1452, 1456, 1457, 1458, 1471, 1477, 1491)
c(1418, 1452, 1455, 1491)
c(187, 1455, 1458, 1471, 1472, 2535)
c(1453, 1455, 1457, 2533, 2535)
c(1502, 1505, 1515, 1516, 1517, 1565)
c(1465, 1561, 1568, 1569, 1575, 1580)
c(1430, 1462, 1465, 1514, 1532, 1579, 2154)
c(1430, 1461, 1479, 1482, 1535, 1544, 1579)
c(1464, 1535, 1544)
c(1463, 1534, 1535, 1560, 1577)
c(1460, 1461, 1502, 1514, 1532, 1580, 2150, 2151)
c(1467, 1540, 1541, 1562, 1570, 1571, 1576)
c(1466, 1503, 1561, 1562, 1564, 1565, 1570)
c(151, 189, 190, 191, 1469, 1470, 1483, 1494, 1985)
c(1468, 1470, 1483, 1484)
c(149, 1442, 1468, 1469, 1484, 1985)
c(1455, 1457, 1472, 1476, 1477)
c(187, 1457, 1471, 1476, 1585)
c(1588, 1589, 1591, 1592, 1593, 1594)
c(1475, 1490, 1491, 1585)
c(1474, 1476, 1477, 1585)
c(1471, 1472, 1475, 1585)
c(1455, 1471, 1475, 1491)
c(1442, 1480, 1481, 1482, 1485, 1551)
c(1462, 1482, 1544, 1549)
c(1442, 1478, 1481, 1511)
c(1478, 1480, 1482, 1511)
c(1430, 1462, 1478, 1479, 1481, 1485, 1511, 1549)
c(1468, 1469, 1484, 1494, 1496)
c(1442, 1469, 1470, 1483, 1496)
c(1478, 1482, 1548, 1549, 1551, 1557)
c(1412, 1417, 1487, 1827, 1842, 1843)
c(1417, 1443, 1446, 1451, 1486, 1843, 1844)
c(1702, 1822, 1845, 1846)
c(1418, 1436, 1490, 1491, 1501)
c(1474, 1489, 1491, 1492, 1501, 1585)
c(1418, 1455, 1456, 1474, 1477, 1489, 1490)
c(1490, 1497, 1499, 1501, 1584, 1585)
c(1494, 1496, 1550, 1558, 1559)
c(189, 190, 194, 1468, 1483, 1493, 1496, 1559)
c(1496, 1550, 1552)
c(1442, 1483, 1484, 1493, 1494, 1495, 1550, 1551, 1552)
c(1436, 1492, 1499, 1501, 1504, 1507, 1563, 1564, 1573, 1597)
c(1499, 1500, 1588, 1592, 1597)
c(1492, 1497, 1498, 1500, 1584, 1586, 1597)
c(1498, 1499, 1586, 1592, 1594, 1595)
c(1436, 1489, 1490, 1492, 1497)
c(1459, 1465, 1516, 1561, 1565, 2150)
c(1467, 1504, 1515, 1564, 1565)
c(1436, 1497, 1503, 1515, 1564)
c(1436, 1459, 1515)
c(1438, 1510, 1539, 1581, 1583, 1596, 1598)
c(1497, 1510, 1539, 1573, 1587, 1597)
c(1437, 1439, 1509, 1582)
c(1508, 1582)
c(1506, 1507, 1539, 1587, 1596)
c(1430, 1431, 1434, 1442, 1480, 1481, 1482, 1513, 1991)
c(149, 1432, 1433, 1442, 1513)
c(1432, 1434, 1442, 1511, 1512)
c(1461, 1465, 1532, 2150, 2151, 2152, 2153, 2154, 2155)
c(1436, 1459, 1503, 1504, 1505, 1517, 1518, 1519, 1565)
c(1459, 1502, 1517, 1520, 2145)
c(1459, 1515, 1516, 1518, 1520, 1521)
c(1515, 1517, 1519, 1521, 1522)
c(1418, 1436, 1454, 1515, 1518, 1522)
c(1516, 1517, 1521, 1526, 1803, 2145)
c(1517, 1518, 1520, 1522, 1527, 1528)
c(1454, 1518, 1519, 1521, 1528, 1530)
c(100, 101, 1524, 1525, 1528, 1529, 1530, 1838, 1844)
c(101, 1523, 1530, 2527, 2540)
c(100, 1523, 1840)
c(1520, 1527, 1803, 1839, 2148)
c(1521, 1526, 1528, 1529, 1838, 1839)
c(1521, 1522, 1523, 1527, 1529, 1530)
c(1523, 1527, 1528, 1838)
c(1454, 1522, 1523, 1524, 1528, 2538, 2540)
c(1670, 1892, 1893, 1895)
c(1461, 1465, 1514)
c(1534, 1536, 1543)
c(1464, 1533, 1536, 1540, 1541, 1542, 1560)
c(1462, 1463, 1464, 1544, 1574, 1577, 1578, 1579)
c(1533, 1534, 1540, 1543, 1571)
c(204, 1538, 1543, 1571, 1572, 1573)
c(204, 1537, 1539, 1573)
c(1506, 1507, 1510, 1538, 1573)
c(1466, 1534, 1536, 1541, 1571)
c(1466, 1534, 1540, 1542, 1560, 1566, 1570, 1576)
c(1534, 1541, 1566, 1576)
c(204, 1533, 1536, 1537, 1571)
c(1462, 1463, 1479, 1535, 1545, 1546, 1549)
c(1544, 1546, 1549)
c(1544, 1545, 1547, 1549)
c(1546, 1548, 1555)
c(1485, 1547, 1549, 1555, 1557)
c(1479, 1482, 1485, 1544, 1545, 1546, 1548)
c(1493, 1495, 1496, 1552, 1556, 1557, 1558)
c(1442, 1478, 1485, 1496, 1552, 1557)
c(1495, 1496, 1550, 1551, 1557)
c(199, 205, 1554, 1556)
c(1553, 1555, 1556, 1557)
c(1547, 1548, 1554, 1557)
c(199, 1550, 1553, 1554, 1557)
c(1485, 1548, 1550, 1551, 1552, 1554, 1555, 1556)
c(195, 199, 1493, 1550, 1559)
c(193, 194, 195, 1493, 1494, 1558)
c(1464, 1534, 1541, 1566, 1567, 1576, 1577)
c(1460, 1467, 1502, 1565, 1569, 1570)
c(1466, 1467, 1563, 1564, 1571)
c(1497, 1562, 1564, 1571, 1573)
c(1467, 1497, 1503, 1504, 1562, 1563)
c(1459, 1467, 1502, 1503, 1515, 1561)
c(1541, 1542, 1560, 1567, 1576, 1577)
c(1560, 1566, 1568, 1574, 1576, 1577)
c(1460, 1567, 1574, 1575, 1576, 1578, 1580)
c(1460, 1561, 1570, 1575, 1576)
c(1466, 1467, 1541, 1561, 1569, 1576)
c(1466, 1536, 1537, 1540, 1543, 1562, 1563, 1573)
c(1537, 1573)
c(1497, 1507, 1537, 1538, 1539, 1563, 1571, 1572)
c(1535, 1567, 1568, 1577, 1578)
c(1460, 1568, 1569, 1576, 1580)
c(1466, 1541, 1542, 1560, 1566, 1567, 1568, 1569, 1570, 1575)
c(1464, 1535, 1560, 1566, 1567, 1574)
c(1535, 1568, 1574, 1579, 1580)
c(1461, 1462, 1535, 1578, 1580)
c(1460, 1465, 1568, 1575, 1578, 1579)
c(1438, 1439, 1506, 1582, 1598)
c(1439, 1508, 1509, 1581)
c(1506, 1596, 1598, 1599, 1600)
c(1492, 1499, 1585, 1586)
c(187, 1472, 1474, 1475, 1476, 1490, 1492, 1584, 1586)
c(187, 1499, 1500, 1584, 1585, 1595)
c(1507, 1510, 1596, 1597)
c(1473, 1498, 1589, 1592, 1596, 1597)
c(1473, 1588, 1590, 1591, 1596, 1600)
c(1589, 1591, 1599, 1600)
c(1473, 1589, 1590, 1593)
c(1473, 1498, 1500, 1588, 1594)
c(1473, 1591, 1594)
c(1473, 1500, 1592, 1593, 1595)
c(187, 188, 1500, 1586, 1594)
c(1506, 1510, 1583, 1587, 1588, 1589, 1597, 1600)
c(1497, 1498, 1499, 1507, 1587, 1588, 1596)
c(1506, 1581, 1583)
c(1583, 1590, 1600)
c(1583, 1589, 1590, 1596, 1599)
c(1603, 1645, 1646, 2463, 2476)
c(1603, 1604, 1607, 1646, 1648)
c(1601, 1602, 1606, 1607, 1646, 2463)
c(1602, 1605, 1607, 1609, 1610, 1648, 1651, 2174)
c(1604, 1610, 1796, 1799, 2174)
c(1603, 1607, 1608, 1613, 2197, 2464, 2468)
c(1602, 1603, 1604, 1606, 1608, 1609, 1610)
c(1606, 1607, 1609)
c(1604, 1607, 1608, 1610, 1613, 1614, 1616, 1618)
c(1604, 1605, 1607, 1609, 1618, 1799, 1819)
c(1612, 2162, 2196, 2199)
c(63, 1611, 1700, 2162, 2196, 2197)
c(1606, 1609, 1614, 1615, 1622, 2197)
c(1609, 1613, 1615, 1616)
c(64, 1613, 1614, 1616, 1622)
c(1609, 1614, 1615, 1617)
c(64, 1616, 1618, 1619, 1620, 1621)
c(1609, 1610, 1617, 1620)
c(1617, 1620, 1621)
c(65, 1617, 1618, 1619, 1621, 1819, 1820)
c(64, 65, 1617, 1619, 1620)
c(63, 1613, 1615, 1701, 2166, 2197)
c(1628, 2115, 2131, 2132, 2137)
c(1785, 1837, 1930, 2113, 2114)
c(1626, 1627, 1629, 2114)
c(1625, 1627, 1629)
c(1625, 1626, 1629, 1735, 1739, 1785, 2114, 2255)
c(1623, 1629, 1640, 1739, 1740, 2114, 2115, 2132)
c(1625, 1626, 1627, 1628, 1739)
c(1631, 1632, 1633, 1748, 2036, 2040, 2048)
c(1630, 1633, 2039, 2040, 2041, 2075)
c(1630, 1744, 1745, 1748, 2048)
c(1630, 1631, 1748, 1749, 1925, 1931, 2069)
c(1635, 1636, 1742, 1743, 2049)
c(1634, 1743, 1744, 1746, 2049, 2051)
c(1634, 1637, 1742, 1858, 2013, 2049, 2068)
c(1636, 1742, 1858)
c(1639, 2085, 2090, 2112, 2116, 2131, 2132)
c(1638, 1641, 1642, 1695, 2090, 2132)
c(1628, 1642, 1714, 1740, 2132)
c(1639, 1642, 1691, 1695)
c(1639, 1640, 1641, 1714, 1718, 1719, 1720, 2132)
c(1649, 1650, 1656, 1658, 1659, 1671, 2477, 2478, 2479)
c(1650, 1651, 1761, 1763, 1764, 1767, 1770, 1771, 2174)
c(1601, 1646, 2470, 2476)
c(1601, 1602, 1603, 1645, 1647, 1648, 2470, 2477)
c(1646, 1648)
c(1602, 1604, 1646, 1647, 1649, 1650)
c(1643, 1648, 1650, 2477, 2478, 2479)
c(1643, 1644, 1648, 1649, 1651, 1659, 1760)
c(1604, 1644, 1650, 2174)
c(95, 104, 106, 107, 111, 116, 117, 118, 119, 1653, 1855, 1856, 2014, 2062, 2063, 2064, 2415)
c(1652, 1654, 1655, 2014, 2064, 2065, 2067)
c(1653, 1655, 2067)
c(1653, 1654, 1856, 2013, 2014, 2047, 2067)
c(1643, 1657, 1658, 1668, 1670, 1671)
c(1656, 1658, 1659, 1669, 1670, 1758, 1759, 1760)
c(1643, 1656, 1657, 1659)
c(1643, 1650, 1657, 1658, 1758, 1760)
c(1661, 1662, 2235, 2486, 2487)
c(1660, 1662, 1664, 1678, 1680)
c(1660, 1661, 1664, 1688, 2472, 2473, 2487)
c(1664, 1665, 1671, 1681)
c(1661, 1662, 1663, 1665, 1680, 2470, 2471, 2473, 2474)
c(1663, 1664, 1680, 1681)
c(1667, 1670, 1674, 1683, 1698, 1699, 1894, 1895)
c(1666, 1668, 1670, 1671, 1683)
c(1656, 1667, 1670, 1671)
c(1383, 1657, 1670, 1759, 1812, 1814, 1893)
c(1531, 1656, 1657, 1666, 1667, 1668, 1669, 1895)
c(1643, 1656, 1663, 1667, 1668, 1682, 1683, 2470, 2477)
c(1673, 1674, 1676, 1677, 1681, 1682, 1691, 1887)
c(1672, 1676, 1691, 1720)
c(1666, 1672, 1683, 1699, 1887)
c(1676, 1720, 2230, 2232)
c(1672, 1673, 1675, 1677, 1679, 1720)
c(1672, 1676, 1679, 1680, 1681)
c(1661, 1680, 2235)
c(1676, 1677, 1680, 2232)
c(1661, 1664, 1665, 1677, 1678, 1679, 1681, 2232, 2235)
c(1663, 1665, 1672, 1677, 1680, 1682)
c(1671, 1672, 1681, 1683)
c(1666, 1667, 1671, 1674, 1682)
c(1685, 2213, 2218, 2453, 2481)
c(1684, 1686, 2481, 2482, 2484)
c(1685, 1687, 1689, 2453, 2483, 2484)
c(1686, 1688, 1689, 1690, 2485)
c(1662, 1687, 1690, 2472, 2485, 2487)
c(1686, 1687, 1690, 2453, 2455)
c(1687, 1688, 1689, 2455, 2458, 2472)
c(1641, 1672, 1673, 1695, 1720, 1887)
c(1693, 1696, 1697, 1887, 2091, 2143)
c(1692, 1694, 1697, 2077, 2142, 2143, 2144)
c(1693, 1697, 1698, 1699, 1888, 2077)
c(1639, 1641, 1691, 1696, 1887, 2090, 2091)
c(1692, 1695, 1887, 2091)
c(1692, 1693, 1694, 1699, 1887)
c(1666, 1694, 1699, 1888, 1894)
c(1666, 1674, 1694, 1697, 1698, 1887)
c(63, 1612, 1703, 1707, 2162, 2166)
c(64, 65, 1622, 2166)
c(65, 1488, 1704, 1822, 1845, 2166)
c(1700, 1704, 1707, 1709, 2166)
c(1702, 1703, 1708, 1709, 1845, 1849)
c(1706, 2164, 2222, 2244, 2510, 2522)
c(1372, 1705, 2164, 2509, 2510, 2511, 2512)
c(1700, 1703, 1709, 1711, 1712, 2162, 2164, 2165, 2509)
c(1704, 1709, 1849)
c(1703, 1704, 1707, 1708, 1712, 1852)
c(1727, 1728, 2514, 2515)
c(1707, 1712, 1728, 1868, 2509)
c(1707, 1709, 1711, 1852)
c(2188, 2189, 2190, 2323, 2516)
c(1640, 1642, 1715, 1716, 1717, 1718, 1721, 1740)
c(1714, 1716, 1723, 1726, 1740)
c(1714, 1715, 1717, 1723, 1724)
c(1714, 1716, 1721, 1724, 1725)
c(1642, 1714, 1719, 1721, 1722, 2227)
c(1642, 1718, 1720, 1722)
c(1642, 1673, 1675, 1676, 1691, 1719, 1722, 2230)
c(1714, 1717, 1718, 1725, 2226, 2227)
c(1718, 1719, 1720, 2228, 2230, 2232)
c(1715, 1716, 1724, 1726, 2225)
c(1716, 1717, 1723, 1725, 2225, 2226, 2233)
c(1717, 1721, 1724, 2226)
c(1715, 1723, 2225, 2481, 2493, 2495)
c(1374, 1710, 1728, 1729, 2515)
c(1710, 1711, 1727, 1730, 1868, 2509)
c(1373, 1374, 1376, 1727, 1730, 1734)
c(1379, 1380, 1728, 1729, 1731, 1734)
c(1380, 1391, 1730, 1868, 1885)
c(1370, 1371, 1375, 1401, 1733, 2508)
c(1375, 1376, 1377, 1732, 1734)
c(1376, 1377, 1378, 1379, 1729, 1730, 1733)
c(1627, 1738, 1739, 2255, 2489)
c(1737, 1741, 2255, 2361, 2367)
c(1736, 1741, 2255, 2488)
c(1735, 2255, 2488, 2489)
c(1627, 1628, 1629, 1735, 1740, 2489, 2493)
c(1628, 1640, 1714, 1715, 1739, 2493)
c(1736, 1737, 2331, 2348, 2351, 2490, 2492)
c(1634, 1636, 1637, 1743, 1858, 1874, 1875)
c(1634, 1635, 1742, 1746, 1875, 2070)
c(1632, 1635, 1745, 1746, 1747, 2048, 2050, 2051)
c(1632, 1744, 1747, 1748, 1749, 2070)
c(1635, 1743, 1744, 1747, 2070)
c(1744, 1745, 1746, 2070)
c(1630, 1632, 1633, 1745, 1749)
c(1633, 1745, 1748, 1750, 2069, 2070)
c(1749, 2071, 2072)
c(1752, 1754, 1756, 1866, 1971)
c(1751, 1753, 1863, 1864, 1866)
c(1752, 1755, 1756, 1757, 1863)
c(1751, 1860, 1861, 1866, 1966, 1971, 1972)
c(1753, 1756, 1757, 1916, 1917, 1976)
c(1751, 1753, 1755, 1916, 1971, 1973, 2102)
c(1753, 1755, 1765, 1863, 1864, 1865, 1917, 1924, 1976, 2152)
c(1657, 1659, 1759, 1760, 1761)
c(1383, 1384, 1657, 1669, 1758, 1760, 1761, 1773)
c(1650, 1657, 1659, 1758, 1759, 1761, 1763)
c(1644, 1758, 1759, 1760, 1763, 1764, 1768, 1773)
c(1384, 1773, 1778, 1781, 1817, 1829)
c(1644, 1760, 1761)
c(1644, 1761, 1767, 1768, 1772)
c(1757, 1766, 1786, 1787, 1924, 1976, 2152)
c(1765, 1802, 2145, 2149, 2152, 2155)
c(1644, 1764, 1770, 1771, 1772, 1794, 1795, 1797)
c(1761, 1764, 1769, 1772, 1773)
c(1768, 1772, 1779)
c(1644, 1767, 1771, 1772)
c(1644, 1767, 1770, 1772, 1794, 1795, 1796, 1797, 2174)
c(1764, 1767, 1768, 1769, 1770, 1771, 1779, 1797)
c(1384, 1759, 1761, 1762, 1768, 1778, 1779, 1780, 1793)
c(1775, 1777, 2106, 2124, 2130)
c(1774, 1777, 1974, 2106, 2110, 2124)
c(1777, 1786, 2105, 2124, 2130)
c(1774, 1775, 1776, 2105, 2106, 2107, 2108)
c(1762, 1773, 1781, 1793)
c(1769, 1772, 1773, 1780, 1797, 1801)
c(1773, 1779, 1793, 1801)
c(1762, 1778, 1783, 1793, 1829)
c(1783, 1830, 1841, 1842)
c(1781, 1782, 1793, 1827, 1829, 1830, 1842)
c(1785, 1837, 1914, 1915)
c(1624, 1627, 1784, 1837, 2360)
c(1765, 1776, 1787, 1788, 1790, 1924, 1976, 2105, 2127, 2130)
c(1765, 1786, 1788, 1789, 1802)
c(1786, 1787, 1789, 1790, 1792)
c(1787, 1788, 1792, 1802, 2158)
c(1786, 1788, 1791, 1792, 1804, 2105, 2108, 2157)
c(1790, 1804, 1805, 2157)
c(1788, 1789, 1790, 2156, 2157, 2158)
c(1773, 1778, 1780, 1781, 1783, 1801, 1818, 1824, 1825, 1826)
c(1767, 1771, 1795, 1796, 1797, 1798, 1800)
c(1767, 1771, 1794, 1796)
c(1605, 1771, 1794, 1795, 1799, 1800, 1821, 2174)
c(1767, 1771, 1772, 1779, 1794, 1798, 1800, 1801)
c(1794, 1797, 1800)
c(1605, 1610, 1796, 1819, 1821)
c(1794, 1796, 1797, 1798, 1818, 1821)
c(1779, 1780, 1793, 1797, 1818)
c(1766, 1787, 1789, 1803, 2145, 2146, 2147, 2158, 2160)
c(1520, 1526, 1802, 2145, 2147, 2148)
c(1790, 1791, 1805, 1806, 1807, 1815, 2081, 2157)
c(1791, 1804, 2157)
c(1804, 1811, 1812, 1813, 1815, 2083, 2088)
c(1804, 1808, 1809, 1810, 1815, 1816, 2159)
c(1807, 1809, 2146, 2159, 2160)
c(1807, 1808, 1810, 1817, 1829, 2146)
c(1807, 1809, 1816, 1817)
c(1806, 1812, 1813)
c(1383, 1669, 1806, 1811, 1813, 1814, 1815, 1891, 1893)
c(1806, 1811, 1812, 1815)
c(1383, 1669, 1812)
c(1383, 1384, 1804, 1806, 1807, 1812, 1813, 1816)
c(1384, 1807, 1810, 1815, 1817)
c(1384, 1762, 1809, 1810, 1816, 1829)
c(1793, 1800, 1801, 1821, 1823, 1824)
c(1610, 1620, 1799, 1820)
c(1620, 1819, 1821)
c(65, 1796, 1799, 1800, 1818, 1820, 1822, 1846)
c(65, 1488, 1702, 1821, 1846)
c(1818, 1824, 1846, 1847, 2523)
c(1793, 1818, 1823, 1826, 2523)
c(1793, 1826, 1827, 2523, 2524)
c(1793, 1824, 1825, 1847, 2523)
c(1412, 1486, 1783, 1825, 1842, 1867, 2524)
c(1829, 1830, 2146, 2147)
c(1762, 1781, 1783, 1809, 1817, 1828, 1830, 2146)
c(1782, 1783, 1828, 1829, 1839, 1841, 2147, 2148)
c(1834, 1835, 1926, 1929, 1932, 1934, 2076)
c(1833, 1834, 1836, 1897, 1933, 2071)
c(1832, 1880, 1897, 1898, 2071, 2073)
c(1831, 1832, 1835, 1836, 1934)
c(1831, 1834, 1836, 1837, 1914, 1929, 1930)
c(1832, 1834, 1835, 1897, 1898, 1899, 1901, 1902, 1914)
c(1624, 1784, 1785, 1835, 1914, 1930)
c(100, 1523, 1527, 1529, 1839, 1840)
c(1526, 1527, 1830, 1838, 1840, 1841, 1843, 2148)
c(100, 1525, 1838, 1839, 1843, 1844)
c(1782, 1830, 1839, 1843)
c(1486, 1782, 1783, 1827, 1843)
c(1486, 1487, 1839, 1840, 1841, 1842, 1844)
c(100, 101, 1451, 1487, 1523, 1840, 1843)
c(1488, 1702, 1704, 1846, 1849, 1850, 1851, 1853)
c(1488, 1821, 1822, 1823, 1845, 1847, 1848)
c(1823, 1826, 1846, 1848, 2523, 2525)
c(1846, 1847, 1853, 1886, 2523, 2525)
c(1704, 1708, 1845, 1850, 1851, 1852)
c(1845, 1849, 1851)
c(1845, 1849, 1850, 1852, 1853, 1884)
c(1709, 1712, 1849, 1851, 1868, 1884)
c(1845, 1848, 1851, 1884, 1886)
c(95, 98, 99, 1855, 2371, 2416)
c(95, 1652, 1854, 1869, 2414, 2415)
c(1652, 1655, 1857, 1858, 2013, 2014, 2412, 2415)
c(1856, 1858, 2412)
c(1636, 1637, 1742, 1856, 1857, 1874, 2013, 2413)
c(1435, 1860, 1956, 1957, 1964, 1965, 1966, 1977, 1991)
c(1754, 1859, 1861, 1966, 1977, 1978, 1979)
c(1754, 1860, 1979)
c(1431, 1863, 1864, 1991)
c(1752, 1753, 1757, 1862, 1864, 1991)
c(1430, 1431, 1752, 1757, 1862, 1863, 1865, 1991)
c(1430, 1757, 1864, 2152)
c(1751, 1752, 1754, 1966, 1991)
c(1397, 1411, 1412, 1413, 1827, 2524, 2525)
c(1711, 1728, 1731, 1852, 1884, 1885)
c(1855, 1870, 1871, 1872, 2371, 2376, 2414)
c(1869, 1872, 1873, 2353, 2405, 2414, 2415)
c(80, 1869, 1872, 2376)
c(80, 81, 82, 1869, 1870, 1871, 1873)
c(81, 1870, 1872, 2405)
c(1742, 1858, 1875, 1876, 1877, 2413, 2423, 2424)
c(1742, 1743, 1874, 1876, 1878, 2070, 2072)
c(1874, 1875, 1877, 1879)
c(1874, 1876, 1879, 2419, 2424)
c(1875, 1879, 1880, 1881, 2072)
c(1876, 1877, 1878, 1881, 1883)
c(1833, 1878, 1881, 1882, 1898, 2072, 2073)
c(1878, 1879, 1880, 1882, 1883, 2420)
c(1880, 1881, 1898, 1899, 1900, 1903, 1904, 2420, 2421)
c(1879, 1881, 2419, 2420)
c(1391, 1393, 1851, 1852, 1853, 1868, 1885, 1886)
c(1391, 1731, 1868, 1884)
c(1390, 1393, 1848, 1853, 1884, 2525)
c(1672, 1674, 1691, 1692, 1695, 1696, 1697, 1699)
c(1694, 1698, 1889, 1894, 2077, 2084, 2086, 2087)
c(1888, 1892, 1894, 1895, 2086)
c(1891, 1892, 1893, 2087, 2089)
c(1812, 1890, 1893, 2088, 2089)
c(1531, 1889, 1890, 1893, 1895, 2087)
c(1531, 1669, 1812, 1890, 1891, 1892)
c(1666, 1698, 1888, 1889, 1895)
c(1531, 1666, 1670, 1889, 1892, 1894)
c(2401, 2409, 2410, 2411, 2434, 2441, 2447)
c(1832, 1833, 1836, 1898)
c(1833, 1836, 1880, 1882, 1897, 1899)
c(1836, 1882, 1898, 1900, 1901)
c(1882, 1899, 1902, 1904)
c(1836, 1899, 1902)
c(1836, 1900, 1901, 1909, 1914, 2363)
c(1882, 1904, 1905, 2421, 2422)
c(1882, 1900, 1903, 1907, 1908, 1909, 1910, 1911)
c(1903, 1906, 1907, 2422)
c(1905, 1907, 1908, 2369, 2370, 2422, 2441)
1904:1906
c(1904, 1906, 1911, 2370)
c(1902, 1904, 1910, 1912, 2362, 2364)
c(1904, 1909, 1911, 1912, 1913, 2443)
c(1904, 1908, 1910, 2442, 2443)
c(1909, 1910, 1913, 2364, 2366)
c(1910, 1912, 2346, 2444)
c(1784, 1835, 1836, 1837, 1902, 1915, 2363)
c(1784, 1914, 2360, 2361, 2363)
c(1755, 1756, 1917, 1973, 2104)
c(1755, 1757, 1916, 1924, 1976, 2103, 2104, 2127)
c(1919, 1960, 1962, 1969, 2042, 2044, 2058)
c(1918, 1927, 1928, 1969, 1975, 2044, 2045, 2139)
c(1921, 1922, 1923, 2020, 2033, 2038, 2039, 2041, 2042)
c(1920, 1922, 2043, 2074)
c(1920, 1921, 2042, 2043, 2044)
c(1920, 2041, 2074, 2075)
c(1757, 1765, 1786, 1917, 1976, 2127, 2130)
c(1633, 1926, 1931, 1932, 2075)
c(1831, 1925, 1932, 2075, 2076)
c(1919, 1928, 1929, 1975, 2044, 2045, 2076)
c(1919, 1927, 1929, 1930, 2045, 2139)
c(1831, 1835, 1927, 1928, 1930, 2076)
c(1624, 1835, 1837, 1928, 1929, 2113, 2115, 2139)
c(1633, 1925, 1932, 1933, 2069)
c(1831, 1925, 1926, 1931, 1933, 1934)
c(1832, 1931, 1932, 1934, 2069)
c(1831, 1834, 1932, 1933)
c(37, 141, 142, 147, 1936, 1963, 1993, 1996, 1997, 1998)
c(142, 147, 148, 153, 1935, 1937, 1938, 1939, 1940)
c(153, 154, 1936, 1940, 1949)
c(142, 1936, 1939, 1999)
c(140, 1936, 1938, 1940, 1999)
c(140, 1936, 1937, 1939, 2052)
c(149, 1433, 1440, 1959, 1985, 1989, 1990, 1992)
c(154, 156, 1943, 1949, 1986)
c(1942, 1944, 1945, 1986, 1987)
c(1943, 1945, 1987, 1988)
c(1440, 1943, 1944, 1946, 1949, 1988)
c(1440, 1945, 1949, 1950)
c(1948, 2000, 2003, 2010, 2011)
c(1947, 2000, 2011, 2012)
c(1937, 1942, 1945, 1946, 1950, 2052)
c(1441, 1946, 1949, 1951, 1952, 1961, 2052, 2056)
c(1441, 1950, 1952, 1959)
c(1950, 1951, 1954, 1959, 1960, 1961, 2058)
c(140, 2001, 2052, 2055)
c(1952, 1955, 1957, 1959, 1960, 1983)
c(1954, 1956, 1957, 1959, 1965)
c(1859, 1955, 1957, 1965, 1977)
c(1859, 1954, 1955, 1956, 1958, 1977, 1980, 1983, 1984)
c(1957, 1968, 1980, 1984, 2126)
c(1440, 1441, 1941, 1951, 1952, 1954, 1955, 1964, 1965, 1992)
c(1918, 1952, 1954, 1969, 1983, 2058)
c(1950, 1952, 1962, 2042, 2056, 2057, 2058)
c(1918, 1961, 2042, 2058)
c(132, 133, 136, 137, 139, 142, 1935, 1993, 1995, 1996, 1997)
c(1435, 1859, 1959, 1965, 1992)
c(1859, 1955, 1956, 1959, 1964, 1977, 1992)
c(1754, 1859, 1860, 1866, 1991)
c(1968, 1970, 1983, 1984, 2098, 2125)
c(1958, 1967, 1984, 2093, 2125, 2126)
c(1918, 1919, 1960, 1970, 1975, 1983)
c(1967, 1969, 1975, 1983, 2098, 2125)
c(1751, 1754, 1756, 1972, 1974, 2102)
c(1754, 1971, 1974, 1979, 2101)
c(1756, 1916, 1974, 2102, 2103, 2104, 2128)
c(1775, 1971, 1972, 1973, 2101, 2102, 2110, 2123, 2124)
c(1919, 1927, 1969, 1970, 2098, 2135, 2138, 2139)
c(1755, 1757, 1765, 1786, 1917, 1924, 2103, 2127, 2128, 2129, 2130)
c(1859, 1860, 1956, 1957, 1965, 1978, 1980)
c(1860, 1977, 1979, 1980, 1981)
c(1860, 1861, 1972, 1978, 1981, 1982, 2101)
c(1957, 1958, 1977, 1978, 1981, 1982, 2126)
c(1978, 1979, 1980, 1982)
c(1979, 1980, 1981, 2101, 2120, 2121, 2126)
c(1954, 1957, 1960, 1967, 1969, 1970, 1984)
c(1957, 1958, 1967, 1968, 1983)
c(149, 155, 1468, 1470, 1941, 1988, 1989)
c(155, 156, 1942, 1943, 1987)
c(155, 1943, 1944, 1986, 1988)
c(155, 1440, 1944, 1945, 1985, 1987, 1989, 1990)
c(1941, 1985, 1988, 1990)
c(1440, 1941, 1988, 1989)
c(1431, 1434, 1435, 1511, 1859, 1862, 1863, 1864, 1866, 1966)
c(1432, 1433, 1435, 1941, 1959, 1964, 1965)
c(39, 136, 141, 142, 268, 1935, 1963, 1994, 1995, 1997)
c(39, 141, 299, 300, 1993)
c(142, 1963, 1993, 1997)
c(142, 1935, 1963)
c(136, 137, 142, 1935, 1963, 1993, 1995)
c(147, 1935, 2002)
c(142, 1938, 1939, 2000, 2002, 2003)
c(140, 1947, 1948, 1999, 2001, 2003)
c(140, 1953, 2000, 2012, 2053, 2055)
c(142, 1998, 1999, 2003, 2007)
c(1947, 1999, 2000, 2002, 2004, 2007, 2008)
c(2003, 2007, 2008)
c(117, 118, 122, 126, 127, 128, 129, 131, 139, 2006)
c(111, 118, 119, 127, 2005)
c(137, 2002, 2003, 2004, 2008, 2009, 2010)
c(2003, 2004, 2007)
c(127, 137, 139, 2007, 2010, 2011, 2024)
c(1947, 2007, 2009, 2011)
c(1947, 1948, 2009, 2010, 2012, 2021, 2022, 2024, 2026, 2032)
c(1948, 2001, 2011, 2015, 2022, 2053)
c(1636, 1655, 1856, 1858, 2047, 2068)
c(1652, 1653, 1655, 1856)
c(2012, 2016, 2017, 2022, 2053, 2054)
c(2015, 2017, 2022, 2034, 2037)
c(2015, 2016, 2018, 2019, 2035, 2037, 2039, 2054, 2055)
c(2017, 2019, 2020, 2033, 2037, 2042, 2055)
c(2017, 2018, 2037)
c(1920, 2018, 2033, 2037, 2042)
c(112, 2011, 2022, 2023, 2031, 2032)
c(2011, 2012, 2015, 2016, 2021, 2023, 2031)
c(2021, 2022, 2031)
c(127, 139, 2009, 2011, 2025, 2026, 2028)
c(110, 111, 127, 2024, 2028)
c(2011, 2024, 2027, 2028, 2029, 2032)
c(2026, 2028, 2029)
c(111, 2024, 2025, 2026, 2027, 2029, 2030, 2059, 2060)
c(2026, 2027, 2028, 2030, 2032, 2061, 2062, 2065)
c(2028, 2029, 2060, 2061)
c(112, 2021, 2022, 2023, 2034)
c(113, 2011, 2021, 2026, 2029, 2065)
c(1920, 2018, 2020, 2037, 2039, 2042)
c(112, 2016, 2031, 2035, 2036, 2037)
c(2017, 2034, 2036, 2039)
c(112, 1630, 2034, 2035, 2039, 2040, 2046, 2048)
c(2016, 2017, 2018, 2019, 2020, 2033, 2034, 2039)
c(1920, 2039, 2041)
c(1631, 1920, 2017, 2033, 2035, 2036, 2037, 2038, 2040, 2041)
c(1630, 1631, 2036, 2039)
c(1631, 1920, 1923, 2038, 2039, 2075)
c(1918, 1920, 1922, 1961, 1962, 2018, 2020, 2033, 2044, 2055, 2056)
c(1921, 1922, 2044, 2045, 2074, 2076)
c(1918, 1919, 1922, 1927, 2042, 2043, 2045)
c(1919, 1927, 1928, 2043, 2044)
c(112, 2036, 2047, 2048, 2050)
c(112, 1655, 2013, 2046, 2049, 2050, 2065, 2066, 2067, 2068)
c(1630, 1632, 1744, 2036, 2046, 2050)
c(1634, 1635, 1636, 2047, 2050, 2051, 2068)
c(1744, 2046, 2047, 2048, 2049, 2051)
c(1635, 1744, 2049, 2050)
c(1940, 1949, 1950, 1953, 2055, 2056)
c(2001, 2012, 2015, 2054, 2055)
c(2015, 2017, 2053, 2055)
c(1953, 2001, 2017, 2018, 2042, 2052, 2053, 2054, 2056)
c(1950, 1961, 2042, 2052, 2055)
c(1961, 2058)
c(1918, 1952, 1960, 1961, 1962, 2057)
c(111, 2028, 2060, 2061, 2062)
c(2028, 2030, 2059, 2061)
c(2029, 2030, 2059, 2060)
c(111, 1652, 2029, 2059, 2063)
c(1652, 2062, 2064, 2065)
c(1652, 1653, 2063, 2065)
c(113, 1653, 2029, 2032, 2047, 2063, 2064, 2066, 2067, 2068)
c(112, 113, 2047, 2065, 2068)
c(1653, 1654, 1655, 2047, 2065)
c(1636, 2013, 2047, 2049, 2065, 2066)
c(1633, 1749, 1931, 1933, 2071)
c(1743, 1745, 1746, 1747, 1749, 1875, 2072)
c(1750, 1832, 1833, 2069, 2072, 2073)
c(1750, 1875, 1878, 1880, 2070, 2071, 2073)
c(1833, 1880, 2071, 2072)
c(1921, 1923, 2043, 2075, 2076)
c(1631, 1923, 1925, 1926, 2041, 2074, 2076)
c(1831, 1926, 1927, 1929, 2043, 2074, 2075)
c(1693, 1694, 1888, 2084, 2144)
c(2079, 2080, 2106, 2107, 2111, 2141)
c(2078, 2080, 2081, 2082, 2107)
c(2078, 2079, 2084, 2087, 2141, 2144)
c(1804, 2079, 2082, 2083, 2107, 2108)
c(2079, 2081, 2083, 2087, 2089)
c(1806, 2081, 2082, 2088, 2089)
c(1888, 2077, 2080, 2087)
c(1638, 2090, 2092, 2112, 2116, 2119, 2140, 2142, 2143)
c(1888, 1889, 2087)
c(1888, 1890, 1892, 2080, 2082, 2084, 2086, 2089)
c(1806, 1891, 2083, 2089)
c(1890, 1891, 2082, 2083, 2087, 2088)
c(1638, 1639, 1695, 2085, 2091, 2112, 2143)
c(1692, 1695, 1696, 2090, 2143)
c(2085, 2109, 2110, 2111, 2116, 2118, 2119, 2122, 2140, 2142)
c(1968, 2096, 2100, 2120, 2125, 2126)
c(2095, 2117, 2120, 2121)
c(2094, 2117, 2120, 2122)
c(2093, 2097, 2099, 2100, 2125)
c(2096, 2099, 2100, 2131, 2133, 2135)
c(1967, 1970, 1975, 2099, 2125, 2135, 2138)
c(2096, 2097, 2098, 2125, 2135)
c(2093, 2096, 2097, 2116, 2120, 2122, 2131, 2133)
c(1972, 1974, 1979, 1982, 2110, 2118, 2121, 2123)
c(1756, 1971, 1973, 1974, 2103, 2123, 2124)
c(1917, 1973, 1976, 2102, 2104, 2124, 2127, 2128)
c(1916, 1917, 1973, 2103)
c(1776, 1777, 1786, 1790, 2108)
c(1774, 1775, 1777, 2078, 2107, 2111)
c(1777, 2078, 2079, 2081, 2106, 2108)
c(1777, 1790, 2081, 2105, 2107)
c(2092, 2110, 2117, 2118, 2119)
c(1775, 1974, 2092, 2101, 2109, 2111, 2118, 2123)
c(2078, 2092, 2106, 2110, 2140, 2141)
c(1638, 2085, 2090, 2116)
c(1624, 1930, 2114, 2115)
c(1624, 1625, 1627, 1628, 2113, 2115)
c(1623, 1628, 1930, 2113, 2114, 2136, 2137, 2139)
c(1638, 2085, 2092, 2100, 2112, 2119, 2122, 2131, 2133, 2143)
c(2094, 2095, 2109, 2118, 2119, 2121, 2122, 2123)
c(2092, 2101, 2109, 2110, 2117, 2123)
c(2085, 2092, 2109, 2116, 2117, 2122, 2143)
c(1982, 2093, 2094, 2095, 2100, 2121, 2122, 2126)
c(1982, 2094, 2101, 2117, 2120, 2123)
c(2092, 2095, 2100, 2116, 2117, 2119, 2120)
c(1974, 2101, 2102, 2110, 2117, 2118, 2121, 2124)
c(1774, 1775, 1776, 1974, 2102, 2103, 2123, 2128, 2129, 2130)
c(1967, 1968, 1970, 2093, 2096, 2098, 2099)
c(1958, 1968, 1980, 1982, 2093, 2120)
c(1786, 1917, 1924, 1976, 2103, 2129, 2130)
c(1973, 1976, 2103, 2124, 2129)
c(1976, 2124, 2127, 2128, 2130)
c(1774, 1776, 1786, 1924, 1976, 2124, 2127, 2129)
c(1623, 1638, 2097, 2100, 2116, 2132, 2133, 2134, 2137)
c(1623, 1628, 1638, 1639, 1640, 1642, 2131)
c(2097, 2100, 2116, 2131, 2134, 2135, 2137)
c(2131, 2133, 2135, 2137)
c(1975, 2097, 2098, 2099, 2133, 2134, 2137, 2138, 2139)
c(2115, 2137, 2138, 2139)
c(1623, 2115, 2131, 2133, 2134, 2135, 2136, 2138)
c(1975, 2098, 2135, 2136, 2137, 2139)
c(1919, 1928, 1930, 1975, 2115, 2135, 2136, 2138)
c(2085, 2092, 2111, 2141, 2142, 2143, 2144)
c(2078, 2080, 2111, 2140, 2144)
c(1693, 2085, 2092, 2140, 2143, 2144)
c(1692, 1693, 2085, 2090, 2091, 2116, 2119, 2140, 2142)
c(1693, 2077, 2080, 2140, 2141, 2142)
c(1516, 1520, 1766, 1802, 1803, 2149, 2150, 2151, 2155)
c(1802, 1808, 1809, 1828, 1829, 2147, 2160)
c(1802, 1803, 1828, 1830, 2146, 2148)
c(1526, 1803, 1830, 1839, 2147)
c(1766, 2145, 2151, 2152, 2153, 2155)
c(1465, 1502, 1514, 2145, 2151)
c(1465, 1514, 2145, 2149, 2150, 2155)
c(1430, 1514, 1757, 1765, 1766, 1865, 2149, 2153, 2154, 2155)
c(1514, 2149, 2152, 2154, 2155)
c(1430, 1461, 1514, 2152, 2153)
c(1514, 1766, 2145, 2149, 2151, 2152, 2153)
c(1792, 2157, 2158, 2159)
c(1790, 1791, 1792, 1804, 1805, 2156, 2159)
c(1789, 1792, 1802, 2156, 2159, 2160)
c(1807, 1808, 2156, 2157, 2158, 2160)
c(1802, 1808, 2146, 2158, 2159)
c(2162, 2164, 2165, 2199)
c(1611, 1612, 1700, 1707, 2161, 2165, 2199)
c(2164, 2244, 2295, 2299)
c(1705, 1706, 1707, 2161, 2163, 2165, 2199, 2224, 2244)
c(1707, 2161, 2162, 2164)
c(63, 64, 1622, 1700, 1701, 1702, 1703)
c(2172, 2181, 2218, 2454, 2480)
c(2169, 2170, 2179, 2204, 2287, 2289, 2340)
c(2168, 2256, 2289, 2311, 2340, 2341)
c(2168, 2173, 2179, 2340)
c(2172, 2173, 2180, 2342, 2451)
c(2167, 2171, 2180, 2181, 2307, 2451, 2454, 2457)
c(2170, 2171, 2179, 2180, 2340, 2342, 2343, 2345)
c(1604, 1605, 1644, 1651, 1771, 1796)
c(2176, 2178, 2205, 2215, 2390)
c(2175, 2177, 2178, 2179, 2215, 2216)
c(2176, 2179, 2180, 2181, 2216, 2217, 2480)
c(2175, 2176, 2179, 2204, 2205)
c(2168, 2170, 2173, 2176, 2177, 2178, 2180, 2204)
c(2171, 2172, 2173, 2177, 2179, 2181)
c(2167, 2172, 2177, 2180, 2480)
c(2187, 2198, 2241, 2242)
c(2184, 2237, 2238, 2240, 2306, 2345)
c(2183, 2185, 2186, 2238, 2306)
c(2184, 2186, 2238, 2239, 2242)
c(2184, 2185, 2187, 2291, 2293, 2294, 2306)
c(2182, 2186, 2198, 2224, 2242, 2293)
c(1713, 2189, 2193, 2194, 2516, 2517, 2518)
c(1713, 2188, 2190, 2192, 2194)
c(1365, 1713, 2189, 2191, 2192)
c(1351, 1365, 1366, 1367, 2190, 2322, 2323)
c(1366, 1368, 1369, 2189, 2190, 2194, 2507)
c(2188, 2194, 2220, 2503, 2506, 2507, 2518)
c(2188, 2189, 2192, 2193, 2507)
c(2196, 2197, 2465, 2469)
c(1611, 1612, 2195, 2197, 2198, 2199, 2241, 2310, 2465)
c(63, 1606, 1612, 1613, 1622, 2195, 2196, 2468, 2469)
c(2182, 2187, 2196, 2199, 2224)
c(1611, 2161, 2162, 2164, 2196, 2198, 2224)
c(2201, 2202, 2203, 2206, 2387, 2433)
c(2200, 2202, 2207, 2379, 2382, 2433)
c(2200, 2201, 2206, 2207, 2283, 2284, 2286)
c(2200, 2204, 2206, 2387, 2388, 2389, 2391)
c(2168, 2178, 2179, 2203, 2205, 2206, 2287, 2390, 2391)
c(2175, 2178, 2204, 2390)
c(2200, 2202, 2203, 2204, 2286, 2287)
c(2201, 2202, 2283, 2382)
c(62, 69, 2209, 2356, 2499)
c(2208, 2210, 2355, 2356, 2357, 2358, 2359, 2498, 2499)
c(2209, 2211, 2263, 2358, 2359, 2498, 2500)
c(2210, 2212, 2251, 2252, 2263, 2358)
c(2211, 2252, 2261, 2262, 2263)
c(1684, 2218, 2337, 2338, 2339, 2481)
c(2216, 2217, 2218, 2333, 2480)
c(2175, 2176, 2216, 2327, 2390)
c(2176, 2177, 2214, 2215, 2217, 2327, 2333)
c(2177, 2214, 2216, 2480)
c(1684, 2167, 2213, 2214, 2335, 2339, 2452, 2454, 2480)
c(2220, 2249, 2518, 2519)
c(2193, 2219, 2503, 2518, 2520)
c(2222, 2223, 2503, 2520, 2521)
c(1705, 2221, 2223, 2510, 2522)
c(2221, 2222, 2503, 2504, 2505, 2510)
c(2164, 2187, 2198, 2199, 2295)
c(1723, 1724, 1726, 2233, 2481, 2482, 2483, 2485)
c(1721, 1724, 1725, 2227, 2233)
c(1718, 1721, 2226, 2228, 2229, 2233)
c(1722, 2227, 2231, 2232)
c(2227, 2231, 2233, 2234)
c(1675, 1720, 1722, 2232)
c(2228, 2229, 2232, 2234, 2235)
c(1675, 1679, 1680, 1722, 2228, 2230, 2231, 2235)
c(1724, 2225, 2226, 2227, 2229, 2234, 2485)
c(2229, 2231, 2233, 2235, 2485, 2486)
c(1660, 1678, 1680, 2231, 2232, 2234, 2486)
c(2324, 2327, 2331, 2333, 2334, 2351)
c(1354, 2183, 2300, 2301, 2306, 2345)
c(2183, 2184, 2185, 2239, 2240, 2308, 2345)
c(2185, 2238, 2241, 2308, 2309)
c(2183, 2238, 2345)
c(2182, 2196, 2239, 2242, 2309, 2310)
c(2182, 2185, 2187, 2241)
c(2244, 2294, 2298, 2299, 2522)
c(1705, 2163, 2164, 2243)
c(55, 2246, 2247, 2250, 2304)
c(2245, 2247, 2297, 2303, 2304, 2305)
c(2245, 2246, 2248, 2249)
c(2247, 2249, 2297, 2519)
c(2219, 2247, 2248, 2250, 2516, 2517, 2518)
c(55, 2245, 2249, 2516)
c(2211, 2252, 2259, 2266, 2268, 2278, 2358)
c(2211, 2212, 2251, 2259, 2260, 2261)
c(2254, 2257, 2258, 2261, 2272)
c(2253, 2258, 2261)
c(1627, 1735, 1736, 1737, 1738, 2360, 2361)
c(2169, 2257, 2258, 2288, 2289, 2311)
c(2253, 2256, 2258, 2272, 2273, 2285, 2288)
c(2253, 2254, 2256, 2257, 2261, 2311, 2341)
c(2251, 2252, 2260, 2271, 2278)
c(2252, 2259, 2261, 2270, 2271, 2272)
c(2212, 2252, 2253, 2254, 2258, 2260, 2262, 2265, 2272, 2341, 2343, 2344)
c(2212, 2261, 2263, 2265, 2501)
c(2210, 2211, 2212, 2262, 2264, 2500)
c(2263, 2500, 2501)
c(55, 1353, 2261, 2262, 2304, 2344, 2501, 2502)
c(2251, 2268, 2278, 2282)
c(2268, 2276, 2280, 2281, 2355, 2357)
c(2251, 2266, 2267, 2281, 2358)
c(2270, 2271, 2278, 2282, 2431, 2432)
c(2260, 2269, 2271, 2272, 2283, 2285, 2432)
c(2259, 2260, 2269, 2270, 2278)
c(2253, 2257, 2260, 2261, 2270, 2273, 2285)
c(2257, 2272, 2285)
c(85, 2275, 2277, 2290, 2315, 2316, 2317)
c(2274, 2276, 2279)
c(2267, 2275, 2277, 2280, 2281)
c(2274, 2276, 2281, 2290, 2429, 2430, 2431)
c(2251, 2259, 2266, 2269, 2271, 2282)
c(2275, 2280, 2317, 2356)
c(2267, 2276, 2279, 2355, 2356)
c(2267, 2268, 2276, 2277, 2282, 2431)
c(2266, 2269, 2278, 2281)
c(2202, 2207, 2270, 2284, 2285, 2382, 2428, 2431, 2432)
c(2202, 2283, 2285, 2286, 2288)
c(2257, 2270, 2272, 2273, 2283, 2284, 2288)
c(2202, 2206, 2284, 2287, 2288, 2289)
c(2168, 2204, 2206, 2286, 2289)
c(2256, 2257, 2284, 2285, 2286, 2289)
c(2168, 2169, 2256, 2286, 2287, 2288)
c(85, 2274, 2277, 2383, 2384, 2426)
c(2186, 2292, 2296, 2306)
c(2291, 2296, 2297, 2300, 2301, 2305, 2306)
c(2186, 2187, 2294, 2295)
c(2186, 2243, 2293, 2295, 2296, 2299)
c(2163, 2224, 2293, 2294, 2299)
c(2291, 2292, 2294, 2297, 2298)
c(2246, 2248, 2292, 2296, 2298, 2305, 2519)
c(2243, 2296, 2297, 2519, 2521, 2522)
c(2163, 2243, 2294, 2295)
c(2237, 2292, 2301, 2306)
c(1354, 2237, 2292, 2300, 2305)
c(1353, 2303, 2304)
c(1352, 1353, 2246, 2302, 2304, 2305)
c(55, 2245, 2246, 2265, 2302, 2303)
c(1352, 2246, 2292, 2297, 2301, 2303)
c(2183, 2184, 2186, 2237, 2291, 2292, 2300)
c(2172, 2308, 2309, 2342, 2454, 2457)
c(2238, 2239, 2307, 2309, 2342, 2345)
c(2239, 2241, 2307, 2308, 2310, 2453, 2454)
c(2196, 2241, 2309, 2453, 2456, 2460, 2465)
c(2169, 2256, 2258, 2341)
c(66, 67, 86, 92, 2313)
c(67, 80, 92, 2312, 2314, 2316)
c(82, 83, 84, 2313, 2315, 2316)
c(84, 85, 2274, 2314, 2316)
c(67, 68, 69, 2274, 2313, 2314, 2315, 2317, 2356)
c(2274, 2279, 2316)
c(2377, 2378, 2380, 2381, 2397)
c(81, 2377, 2383, 2384, 2392, 2405)
c(1350, 1351, 1405, 2321, 2322, 2496, 2497, 2498, 2499, 2502)
c(1350, 2320, 2496, 2497)
c(54, 1351, 2191, 2320, 2323, 2502)
c(55, 1713, 2191, 2322, 2516)
c(2236, 2325, 2327, 2350, 2351, 2440)
c(2324, 2326, 2327, 2385, 2389, 2438, 2439, 2440)
c(2325, 2327, 2389, 2390, 2391)
c(2215, 2216, 2236, 2324, 2325, 2326, 2333, 2390)
c(2329, 2330, 2387, 2437, 2438)
c(2328, 2386, 2387, 2395, 2437)
c(2328, 2385, 2387, 2438)
c(1741, 2236, 2332, 2333, 2334, 2335, 2491, 2492)
c(2331, 2335, 2336, 2337, 2491)
c(2214, 2216, 2236, 2327, 2331, 2334, 2335)
c(2236, 2331, 2333)
c(2218, 2331, 2332, 2333, 2336, 2339)
c(2332, 2335, 2337, 2339)
c(2213, 2332, 2336, 2338, 2339, 2491, 2494)
c(2213, 2337, 2481, 2494, 2495)
c(2213, 2218, 2335, 2336, 2337)
c(2168, 2169, 2170, 2173, 2341, 2343)
c(2169, 2258, 2261, 2311, 2340, 2343)
c(2171, 2173, 2307, 2308, 2345, 2451, 2457)
c(1354, 2173, 2261, 2340, 2341, 2344, 2345)
c(1352, 1353, 1354, 2261, 2265, 2343)
c(1354, 2173, 2183, 2237, 2238, 2240, 2308, 2342, 2343)
c(1913, 2347, 2349, 2350, 2365, 2366, 2444, 2445, 2446, 2450)
c(2346, 2348, 2350, 2351, 2368, 2450)
c(1741, 2347, 2351, 2367, 2368)
c(2346, 2350, 2436, 2439, 2440, 2449)
c(2324, 2346, 2347, 2349, 2351, 2440)
c(1741, 2236, 2324, 2347, 2348, 2350)
c(2353, 2399, 2400, 2406, 2407, 2411, 2425)
c(1870, 2352, 2393, 2399, 2404, 2405, 2406, 2415)
c(62, 2496, 2497, 2499)
c(2209, 2267, 2280, 2356, 2357)
c(69, 2208, 2209, 2279, 2280, 2316, 2355)
c(2209, 2267, 2355, 2358)
c(2209, 2210, 2211, 2251, 2268, 2357)
c(2209, 2210, 2498)
c(1785, 1915, 2255, 2361)
c(1736, 1915, 2255, 2360, 2363, 2367)
c(1909, 2363, 2365)
c(1902, 1914, 1915, 2361, 2362, 2365, 2368, 2450)
c(1909, 1912, 2365, 2366)
c(2346, 2362, 2363, 2364, 2366, 2450)
c(1912, 2346, 2364, 2365)
c(1736, 2348, 2361, 2368)
c(2347, 2348, 2363, 2367, 2450)
c(1906, 2410, 2422, 2441)
c(1906, 1908, 2441, 2442)
c(1854, 1869, 2375, 2376, 2416, 2418)
c(74, 76, 87, 88, 2373, 2374, 2416, 2417)
c(87, 2372)
c(88, 89, 90, 92, 168, 2372, 2418)
c(89, 2371, 2376, 2418)
c(80, 89, 1869, 1871, 2371, 2375)
c(2318, 2319, 2384, 2392, 2393)
c(2318, 2380, 2396, 2397, 2398)
c(2201, 2380, 2382, 2398, 2433)
c(2318, 2378, 2379, 2381, 2398, 2427)
c(2318, 2380, 2384, 2427, 2429)
c(2201, 2207, 2283, 2379, 2427, 2428)
c(84, 2290, 2319, 2384, 2426)
c(2290, 2319, 2377, 2381, 2383, 2429)
c(2325, 2330, 2387, 2388, 2389, 2438)
c(2329, 2387, 2395, 2398, 2433)
c(2200, 2203, 2328, 2329, 2330, 2385, 2386, 2388, 2433)
c(2203, 2385, 2387, 2389)
c(2203, 2325, 2326, 2385, 2388, 2391)
c(2175, 2204, 2205, 2215, 2326, 2327, 2391)
c(2203, 2204, 2326, 2389, 2390)
c(2319, 2377, 2393, 2404, 2405)
c(2353, 2377, 2392, 2396, 2397, 2399, 2404)
c(2395, 2396, 2403)
c(2329, 2386, 2394, 2396, 2398, 2402, 2403, 2437)
c(2378, 2393, 2394, 2395, 2397, 2398, 2402, 2403)
c(2318, 2378, 2393, 2396)
c(2378, 2379, 2380, 2386, 2395, 2396, 2433)
c(2352, 2353, 2393, 2400, 2402)
c(2352, 2399, 2401, 2402, 2411)
c(1896, 2400, 2402, 2411, 2434, 2437)
c(2395, 2396, 2399, 2400, 2401, 2403, 2437)
c(2394, 2395, 2396, 2402)
c(2353, 2392, 2393, 2405)
c(81, 1870, 1873, 2319, 2353, 2392, 2404)
c(2352, 2353, 2407, 2415, 2423, 2424)
c(2352, 2406, 2424, 2425)
c(2409, 2410, 2419, 2420, 2421, 2422, 2424)
c(1896, 2408, 2410, 2411)
c(1896, 2369, 2408, 2409, 2422, 2441)
c(1896, 2352, 2400, 2401, 2409, 2424, 2425)
c(1856, 1857, 2413, 2415)
c(1858, 1874, 2412, 2415, 2423)
c(1855, 1869, 1870, 2415)
c(1652, 1855, 1856, 1870, 2353, 2406, 2412, 2413, 2414, 2423)
c(74, 97, 99, 1854, 2371, 2372, 2417, 2418)
c(2372, 2416, 2418)
c(89, 2371, 2374, 2375, 2416, 2417)
c(1877, 1883, 2408, 2420)
c(1881, 1882, 1883, 2408, 2419, 2421)
c(1882, 1903, 2408, 2420, 2422)
c(1903, 1905, 1906, 2369, 2408, 2410, 2421)
c(1874, 2406, 2413, 2415, 2424)
c(1874, 1877, 2406, 2407, 2408, 2411, 2423, 2425)
c(2352, 2407, 2411, 2424)
c(85, 2290, 2383)
c(2380, 2381, 2382, 2428, 2429, 2430)
c(2283, 2382, 2427, 2431)
c(2277, 2381, 2384, 2427, 2430)
c(2277, 2427, 2429, 2431)
c(2269, 2277, 2281, 2283, 2428, 2430, 2432)
c(2269, 2270, 2283, 2431)
c(2200, 2201, 2379, 2386, 2387, 2398)
c(1896, 2401, 2435, 2437, 2447)
c(2434, 2436, 2437, 2438, 2447)
c(2349, 2435, 2438, 2439, 2448, 2449)
c(2328, 2329, 2395, 2401, 2402, 2434, 2435, 2438)
c(2325, 2328, 2330, 2385, 2435, 2436, 2437, 2439)
c(2325, 2349, 2436, 2438, 2440)
c(2324, 2325, 2349, 2350, 2439)
c(1896, 1906, 2369, 2370, 2410, 2442, 2447, 2448)
c(1911, 2370, 2441, 2443, 2448)
c(1910, 1911, 2442, 2444, 2445, 2448)
c(1913, 2346, 2443, 2445)
c(2346, 2443, 2444, 2446)
c(2346, 2445, 2448, 2449)
c(1896, 2434, 2435, 2441, 2448)
c(2436, 2441, 2442, 2443, 2446, 2447, 2449)
c(2349, 2436, 2446, 2448)
c(2346, 2347, 2363, 2365, 2368)
c(2171, 2172, 2342, 2457)
c(2218, 2453, 2454)
c(1684, 1686, 1689, 2309, 2310, 2452, 2454, 2455, 2456)
c(2167, 2172, 2218, 2307, 2309, 2452, 2453)
c(1689, 1690, 2453, 2456, 2458)
c(2310, 2453, 2455, 2458, 2459, 2460)
c(2172, 2307, 2342, 2451)
c(1690, 2455, 2456, 2459, 2472, 2473)
c(2456, 2458, 2460, 2473)
c(2310, 2456, 2459, 2461, 2465, 2473)
c(2460, 2463, 2464, 2465, 2467, 2473, 2475)
2475:2476
c(1601, 1603, 2461, 2464, 2475, 2476)
c(1606, 2461, 2463, 2466, 2467, 2468, 2469)
c(2195, 2196, 2310, 2460, 2461, 2467, 2469)
c(2464, 2467, 2469)
c(2461, 2464, 2465, 2466, 2469)
c(1606, 2197, 2464, 2469)
c(2195, 2197, 2464, 2465, 2466, 2467, 2468)
c(1645, 1646, 1664, 1671, 2471)
c(1664, 2470, 2474, 2476)
c(1662, 1688, 1690, 2458, 2473)
c(1662, 1664, 2458, 2459, 2460, 2461, 2472, 2474, 2475)
c(1664, 2471, 2473, 2475, 2476)
c(2461, 2462, 2463, 2473, 2474, 2476)
c(1601, 1645, 2462, 2463, 2471, 2474, 2475)
c(1643, 1646, 1649, 1671, 2478)
c(1643, 1649, 2477, 2479)
c(1643, 1649, 2478)
c(2167, 2177, 2181, 2214, 2217, 2218)
c(1684, 1685, 1726, 2213, 2225, 2338, 2482)
c(1685, 2225, 2481, 2483, 2484)
c(1686, 2225, 2482, 2484, 2485)
c(1685, 1686, 2482, 2483)
c(1687, 1688, 2225, 2233, 2234, 2483, 2486, 2487)
c(1660, 2234, 2235, 2485, 2487)
c(1660, 1662, 1688, 2485, 2486)
c(1737, 1738, 2489, 2490, 2491)
c(1735, 1738, 1739, 2488, 2491, 2493, 2494)
c(1741, 2488, 2491, 2492)
c(2331, 2332, 2337, 2488, 2489, 2490, 2492, 2494)
c(1741, 2331, 2490, 2491)
c(1726, 1739, 1740, 2489, 2494, 2495)
c(2337, 2338, 2489, 2491, 2493, 2495)
c(1726, 2338, 2493, 2494)
c(43, 46, 48, 57, 61, 62, 1350, 2320, 2321, 2354, 2497)
c(43, 46, 2320, 2321, 2354, 2496, 2499)
c(2209, 2210, 2320, 2359, 2499, 2500, 2501, 2502)
c(62, 2208, 2209, 2320, 2354, 2497, 2498)
c(2210, 2263, 2264, 2498, 2501)
c(2262, 2264, 2265, 2498, 2500, 2502)
c(54, 55, 2265, 2320, 2322, 2498, 2501)
c(2193, 2220, 2221, 2223, 2505, 2506, 2508)
c(1375, 2223, 2505, 2508, 2510)
c(2223, 2503, 2504, 2508)
c(1369, 1370, 2193, 2503, 2507, 2508)
c(1369, 2192, 2193, 2194, 2506)
c(1370, 1375, 1732, 2503, 2504, 2505, 2506)
c(1706, 1707, 1711, 1728, 2512, 2513, 2514, 2515)
c(1375, 1705, 1706, 2222, 2223, 2504)
c(1372, 1706, 2512, 2513, 2515)
c(1706, 2509, 2511, 2513)
c(2509, 2511, 2512, 2515)
c(1710, 2509, 2515)
c(1372, 1373, 1374, 1710, 1727, 2509, 2511, 2513, 2514)
c(55, 1713, 2188, 2249, 2250, 2323, 2517)
c(2188, 2249, 2516, 2518)
c(2188, 2193, 2219, 2220, 2249, 2517)
c(2219, 2248, 2297, 2298, 2520, 2521)
c(2220, 2221, 2519, 2521)
c(2221, 2298, 2519, 2520, 2522)
c(1705, 2222, 2243, 2298, 2521)
c(1823, 1824, 1825, 1826, 1847, 1848, 2524, 2525)
c(1825, 1827, 1867, 2523, 2525)
c(1390, 1394, 1397, 1398, 1410, 1847, 1848, 1867, 1886, 2523, 2524)
c(2528, 2529, 2539, 2540)
c(101, 1451, 1524, 2528, 2540)
c(1446, 1447, 1451, 2526, 2527, 2529)
c(1447, 1449, 2526, 2528, 2530, 2539)
c(1447, 1448, 1449, 2529, 2531, 2532)
c(1449, 1450, 2530, 2541)
c(1445, 1448, 2530, 2541, 2542, 2543)
c(1418, 1452, 1453, 1454, 1458, 2534, 2539)
c(1449, 1453, 2533, 2537, 2539)
c(187, 1453, 1457, 1458, 2536, 2537)
c(187, 188, 2535, 2537)
c(1449, 1453, 2534, 2535, 2536)
c(1454, 1530, 2539, 2540)
c(1449, 1454, 2526, 2529, 2533, 2534, 2538, 2540)
c(1524, 1530, 2526, 2527, 2538, 2539)
c(2531, 2532, 2543)
c(1420, 1423, 1424, 1445, 2532, 2543)
c(1423, 2532, 2541, 2542)
c(8, 9, 10, 12, 13)
c(2546, 2553, 2554, 2567, 2568)
c(2545, 2565, 2568)
c(7, 9, 2548)
c(2, 7, 248, 254, 2547)
c(18, 2550, 2551, 2555, 2556, 2557)
c(17, 18, 19, 20, 2549, 2551, 2552, 2573, 2574, 2575, 2603, 2604)
c(10, 2549, 2550, 2552, 2554, 2557, 2682, 2683)
c(2550, 2551, 2553, 2554, 2575)
c(2545, 2552, 2554, 2567, 2575)
c(10, 2545, 2551, 2552, 2553)
c(16, 18, 2549, 2556, 2557, 2682)
c(2549, 2555, 2557)
c(2549, 2551, 2555, 2556, 2682)
c(15, 2572, 2580, 2672, 2681)
2563:2564
c(1348, 1417, 2561, 2658)
c(1346, 1348, 1417, 2560, 2562)
c(1346, 1348, 1425, 1426, 1428, 2561)
c(2559, 2564, 2566, 2629, 2630)
c(2559, 2563, 2565, 2566, 2569)
c(2546, 2564, 2568, 2569)
c(2563, 2564, 2569, 2628, 2629, 2677)
c(2545, 2553, 2568, 2574, 2575, 2678)
c(2545, 2546, 2565, 2567, 2569, 2678)
c(2564, 2565, 2566, 2568, 2676, 2677, 2678)
c(24, 25, 26, 2571, 2572, 2617, 2621)
c(2570, 2572, 2621, 2625, 2628, 2629, 2630)
c(25, 2558, 2570, 2571, 2630, 2672)
c(2550, 2574, 2604, 2606, 2631, 2632)
c(2550, 2567, 2573, 2575, 2632, 2676, 2678)
c(2550, 2552, 2553, 2567, 2574)
c(2587, 2602, 2619, 2622, 2637)
c(1348, 2578, 2579, 2658, 2659)
c(1348, 1426, 2577, 2579, 2580)
c(2577, 2578, 2580, 2659, 2660, 2667, 2668, 2672, 2674)
c(1426, 2558, 2578, 2579, 2672, 2681)
c(2584, 2585, 2587, 2644, 2655)
c(20, 21, 30, 2583, 2586, 2592, 2642)
c(2582, 2584, 2586, 2610, 2642, 2643)
c(2581, 2583, 2585, 2610, 2641, 2643, 2644)
c(2581, 2584, 2611, 2656)
c(21, 22, 2582, 2583, 2610, 2613)
c(2576, 2581, 2590, 2626, 2635, 2637, 2645, 2655, 2657)
c(2633, 2634, 2635, 2655, 2656, 2657)
c(1363, 2590, 2607, 2651, 2663)
c(2587, 2589, 2626, 2645, 2651, 2663, 2669)
c(19, 27, 30, 269, 2592)
c(19, 20, 30, 2582, 2591)
c(29, 2609, 2640, 2641, 2653)
c(22, 2595, 2596, 2597, 2613, 2614)
c(22, 2594, 2597, 2598, 2599)
c(2594, 2599, 2600, 2601, 2614)
c(2594, 2595, 2599)
c(21, 22, 2595, 2599, 2603)
c(2595, 2596, 2597, 2598, 2601, 2603, 2604)
c(2596, 2601, 2614, 2636, 2637)
c(2596, 2599, 2600, 2602, 2604, 2637)
c(2576, 2601, 2605, 2622, 2637)
c(20, 21, 2550, 2598, 2599, 2604)
c(2550, 2573, 2599, 2601, 2603, 2605, 2606)
c(2602, 2604, 2606, 2622)
c(2573, 2604, 2605, 2622, 2631)
c(1361, 1387, 1388, 1389, 2589, 2650, 2651)
c(1400, 1403, 1408, 2609, 2652, 2653, 2654)
c(1408, 2593, 2608, 2638, 2640, 2649, 2653)
c(2583, 2584, 2586, 2611, 2613)
c(2585, 2610, 2612, 2613, 2656)
c(2611, 2613, 2614, 2633, 2636)
c(22, 2586, 2594, 2610, 2611, 2612, 2614)
c(2594, 2596, 2600, 2612, 2613, 2636)
c(2616, 2617, 2626, 2627, 2666)
c(23, 26, 2615, 2617, 2666, 2667, 2673)
c(26, 2570, 2615, 2616, 2618, 2621, 2626)
c(2617, 2619, 2621, 2626)
c(2576, 2618, 2620, 2621, 2622, 2626)
c(2619, 2621, 2622, 2623)
c(2570, 2571, 2617, 2618, 2619, 2620, 2623, 2624, 2625)
c(2576, 2602, 2605, 2606, 2619, 2620, 2623, 2631, 2632)
c(2620, 2621, 2622, 2624, 2632, 2676)
c(2621, 2623, 2625, 2676, 2677)
c(2571, 2621, 2624, 2628, 2677)
c(2587, 2590, 2615, 2617, 2618, 2619, 2627, 2669, 2671)
c(2615, 2626, 2660, 2666, 2671)
c(2566, 2571, 2625, 2629, 2677)
c(2563, 2566, 2571, 2628, 2630)
c(2563, 2571, 2572, 2629)
c(2573, 2606, 2622, 2632)
c(2573, 2574, 2622, 2623, 2631, 2676)
c(2588, 2612, 2634, 2636, 2656)
c(2588, 2633, 2635, 2636)
c(2587, 2588, 2634, 2636, 2637, 2657)
c(2600, 2612, 2614, 2633, 2634, 2635, 2637)
c(2576, 2587, 2600, 2601, 2602, 2635, 2636)
c(2609, 2640, 2649)
c(29, 30, 2640, 2647, 2648)
c(29, 2593, 2609, 2638, 2639, 2648, 2649)
c(2584, 2593, 2642, 2643, 2644, 2645, 2653, 2654)
c(29, 30, 2582, 2583, 2641, 2643)
c(2583, 2584, 2641, 2642)
c(2581, 2584, 2641, 2645)
c(2587, 2590, 2641, 2644, 2651, 2652, 2654)
c(28, 31, 32, 287, 2647)
c(28, 30, 1407, 2639, 2646, 2648)
c(1407, 2639, 2640, 2647, 2649)
c(1404, 1407, 1408, 2609, 2638, 2640, 2648)
c(1389, 2607, 2651, 2652)
c(2589, 2590, 2607, 2645, 2650, 2652)
c(1385, 1389, 1402, 1403, 2608, 2645, 2650, 2651, 2654)
c(2593, 2608, 2609, 2641, 2654)
c(2608, 2641, 2645, 2652, 2653)
c(2581, 2587, 2588, 2656, 2657)
c(2585, 2588, 2611, 2633, 2655)
c(2587, 2588, 2635, 2655)
c(1348, 1417, 2560, 2577, 2659)
c(1358, 1417, 2577, 2579, 2658, 2660)
c(1357, 1358, 2579, 2627, 2659, 2666, 2667, 2670, 2671)
c(1359, 1360, 2663, 2664, 2665, 2669)
c(1355, 1357, 1360, 2664)
c(1359, 1363, 1364, 1409, 2589, 2590, 2661, 2669)
c(1357, 1360, 2661, 2662, 2665, 2670)
c(2661, 2664, 2669, 2670)
c(2615, 2616, 2627, 2660, 2667)
c(23, 2579, 2616, 2660, 2666, 2668)
c(23, 25, 2579, 2667, 2672, 2674)
c(2590, 2626, 2661, 2663, 2665, 2670, 2671)
c(1357, 2660, 2664, 2665, 2669, 2671)
c(2626, 2627, 2660, 2669, 2670)
c(25, 2558, 2572, 2579, 2580, 2668, 2674, 2675)
c(23, 24, 26, 2616)
c(2579, 2668, 2672)
2672
c(2569, 2574, 2623, 2624, 2632, 2677, 2678)
c(2566, 2569, 2624, 2625, 2628, 2676)
c(2567, 2568, 2569, 2574, 2676)
c(1347, 1429, 2680)
c(15, 1346, 1347, 1427, 1428, 2679, 2681)
c(15, 1426, 1427, 2558, 2580, 2680)
c(11, 16, 258, 2551, 2555, 2557, 2683)
c(10, 11, 12, 13, 2551, 2682)
