c(4, 7, 48, 1005, 1271, 1274, 1275)
c(2, 48, 1006, 1008)
c(1, 47, 48, 51, 796, 1006, 1007)
c(8, 31, 37, 1004, 1006, 1009)
c(0, 6, 7, 1270, 1275)
c(6, 8, 388, 1004, 1128)
c(4, 5, 7, 192, 388, 685, 1004, 1270)
c(0, 4, 6, 1004, 1005)
c(3, 5, 31, 32, 1004, 1121, 1128)
c(10, 1015, 1021, 1023, 1228, 1236)
c(9, 1014, 1015, 1023)
c(12, 13, 16, 17, 803, 894)
c(11, 13, 14, 15, 894)
c(11, 12, 15, 19, 352, 353, 803)
c(12, 15, 20, 894)
c(12, 13, 14, 19, 20, 1412)
c(11, 17, 18, 787, 814, 894)
c(11, 16, 18, 793, 800, 802, 803, 805, 806)
c(16, 17, 784, 801, 806, 814)
c(13, 15, 352, 1411, 1412)
c(14, 15, 21, 617, 893, 894, 1412)
c(20, 616, 617, 1408, 1409, 1412)
c(23, 24, 25, 27)
c(22, 27, 719)
c(22, 25, 296, 939)
c(22, 24, 26, 27, 939)
c(25, 27, 612, 614, 615, 939, 940)
c(22, 23, 25, 26, 612, 719, 721, 789, 815)
c(29, 30, 31, 34, 36, 98, 887)
c(28, 36, 98, 100, 101, 794, 795)
c(28, 31, 32, 35, 887, 888)
c(3, 8, 28, 30, 32, 34, 37)
c(8, 30, 31, 33, 35, 1119, 1120, 1121)
c(32, 35, 1096, 1120, 1150, 1151)
c(28, 31, 36, 37, 1007)
c(30, 32, 33, 422, 888)
c(28, 29, 34, 794, 796, 798, 1007)
c(3, 31, 34, 1006, 1007)
c(39, 41, 44, 194, 715, 716, 1276)
c(38, 40, 41, 46, 194, 1271)
c(39, 45, 46, 48, 1271)
c(38, 39, 42, 43, 44, 46)
c(41, 43, 46, 50)
c(41, 42, 44, 50, 815, 817, 914)
c(38, 41, 43, 716, 914)
c(40, 46, 47, 48, 50)
c(39, 40, 41, 42, 45)
c(2, 45, 48, 49, 50, 51)
c(0, 1, 2, 40, 45, 47, 1005, 1008, 1271)
c(47, 50, 51, 782, 783, 796, 797, 801)
c(42, 43, 45, 47, 49, 782, 817)
c(2, 47, 49, 796)
c(423, 1287, 1289, 1297)
c(54, 424, 425, 1290, 1292, 1297, 1468)
c(53, 1290, 1468, 1470)
c(56, 853, 1562, 1565, 1566)
c(55, 62, 853, 1561, 1562, 1634)
c(59, 854, 855, 858, 859, 1560, 1567)
855:858
c(57, 855, 858)
c(61, 63, 64, 840, 862, 863, 864)
c(60, 63, 840, 863, 865)
c(56, 499, 1053, 1561, 1634, 1635)
c(60, 61, 840)
c(60, 840, 858, 861, 864, 1563)
c(66, 67, 68, 69, 71, 129)
c(65, 71, 129, 453, 1314)
c(65, 68, 129, 131, 1252, 1259, 1260)
c(65, 67, 69, 70, 1252)
c(65, 68, 70, 71, 72)
c(68, 69, 72, 73, 1252, 1253)
c(65, 66, 69, 72, 76, 1314, 1316)
c(69, 70, 71, 73, 76)
c(70, 72, 75, 76, 77, 543, 1253)
c(75, 542, 543, 546)
c(73, 74, 77, 78, 543, 546)
c(71, 72, 73, 77, 226, 227, 237, 1316)
c(73, 75, 76, 78, 226)
c(75, 77, 226, 241, 546, 549)
c(680, 1511, 1512)
c(102, 175, 176, 1291, 1294, 1295)
c(83, 87, 90, 1201, 1321)
c(84, 119, 1200, 1201)
c(81, 84, 85, 87, 1201)
c(82, 83, 85, 86, 119, 691, 1201)
c(83, 84, 86, 87, 89, 382, 1132, 1134)
c(84, 85, 691, 1132)
c(81, 83, 85, 88, 89, 90, 91, 1199)
c(87, 90, 1197, 1198, 1199)
c(85, 87, 91, 382, 1117)
c(81, 87, 88, 1197, 1321, 1324)
c(87, 89, 93, 1117, 1198, 1199)
c(93, 384, 1189, 1196, 1197, 1198, 1508, 1514)
c(91, 92, 383, 384, 1117, 1198)
c(873, 1204, 1206, 1207)
c(317, 319, 404, 406, 872, 1205, 1206)
c(196, 400, 406, 1204, 1205, 1207)
c(1498, 1501, 1503)
c(28, 29, 99, 100, 101, 887, 1095, 1468)
c(98, 100, 1465, 1467, 1468, 1469)
c(29, 98, 99, 101, 795, 941, 942, 1464, 1467)
c(29, 98, 100)
c(80, 176, 773, 1290, 1291, 1466, 1470)
c(112, 1190, 1191, 1192, 1193)
c(107, 108, 182, 183, 1192)
c(106, 108, 1192)
c(105, 1192, 1194)
c(104, 108, 183)
c(104, 105, 107, 1192)
c(110, 111, 114, 120, 1194, 1659, 1660)
c(109, 743, 1194, 1660)
c(109, 112, 114, 115, 120, 1144, 1193, 1659)
c(103, 111, 115, 116, 1190, 1193)
c(116, 117, 698)
c(109, 111, 120, 1193, 1194)
c(111, 112, 116, 1143, 1144)
c(112, 113, 115, 117, 1143, 1147, 1190)
c(113, 116, 118, 693, 698, 1190, 1195, 1339)
c(117, 119, 185, 691, 1195, 1339)
c(82, 84, 118, 185, 691, 1200)
c(109, 111, 114)
c(122, 123, 124, 126, 127)
c(121, 123, 127, 138, 452, 1076)
c(121, 122, 124, 128, 138)
c(121, 123, 126, 128, 130, 136)
c(127, 129, 452)
c(121, 124, 127, 129, 130)
c(121, 122, 125, 126, 129, 452)
c(123, 124, 136, 138)
c(65, 66, 67, 125, 126, 127, 130, 131, 134, 452, 453)
c(124, 126, 129, 132, 134, 136)
c(67, 129, 134, 137, 959, 1259)
c(130, 134, 136, 138)
c(134, 135, 137, 138, 139)
c(129, 130, 131, 132, 133, 138, 139)
c(133, 137, 138, 960)
c(124, 128, 130, 132, 138)
c(131, 133, 135, 959, 960)
c(122, 123, 128, 132, 133, 134, 135, 136, 139)
c(133, 134, 138)
c(141, 142, 145, 1680, 1682, 1684, 1686)
c(140, 142, 845, 1684)
c(140, 141, 845, 1682)
c(145, 149, 848, 1681, 1685, 1686)
c(418, 467, 845, 846, 1682)
c(140, 143, 1681, 1682, 1686)
c(150, 844, 1680, 1686)
c(148, 459, 461, 729, 777, 846, 1060, 1684)
c(147, 776, 777, 1683, 1684)
c(143, 848, 1681)
c(146, 151, 844, 1686)
c(150, 844, 848, 1359, 1686)
c(651, 848, 1685)
c(157, 177, 1303)
c(155, 765, 772, 1304, 1306, 1307, 1308, 1309)
c(154, 156, 765, 774, 1034, 1309, 1313)
c(155, 157, 1303, 1309, 1313, 1377)
c(153, 156, 177, 1303, 1377, 1378)
c(258, 426, 698, 1147, 1481)
c(160, 426, 1084, 1476, 1477, 1481, 1482)
c(159, 163, 1084, 1088, 1475, 1478, 1482)
c(162, 163, 251, 427, 1085, 1288)
c(161, 163, 427, 1472, 1475, 1484)
c(160, 161, 162, 1085, 1475)
c(947, 948, 1310, 1312)
c(166, 219, 944, 946, 948, 1310, 1420)
c(165, 946, 1420, 1421)
c(949, 1527, 1761)
c(170, 171, 428, 447, 1067, 1137, 1138)
c(171, 173, 1063, 1064, 1065)
c(168, 171, 173, 447, 1402)
c(168, 169, 170, 173, 1063, 1067)
c(174, 1061, 1062, 1064, 1065, 1066, 1068)
c(169, 170, 171, 174, 660, 1065)
c(172, 173, 660, 1062, 1065)
c(80, 176, 177, 225, 1295, 1302, 1382, 1384)
c(80, 102, 175, 773, 1302, 1307)
c(153, 157, 175, 225, 1302, 1303, 1378)
c(179, 180, 527, 1176, 1178, 1179)
c(178, 275, 525, 527, 1178, 1185, 1251)
c(178, 522, 527, 966, 1176)
c(182, 183, 1329, 1331)
c(104, 181, 183, 184, 1192, 1331, 1335, 1338)
c(104, 107, 181, 182)
c(182, 185, 818, 1190, 1195, 1322, 1338)
c(118, 119, 184, 1195, 1200, 1201, 1321, 1322)
c(187, 188, 282, 283, 1279, 1280)
c(186, 188, 189, 1279)
c(186, 187, 1279)
c(187, 193, 1277, 1278, 1279)
c(1269, 1272, 1273, 1274, 1275, 1278, 1285)
c(1269, 1278, 1281, 1282, 1283)
c(6, 682, 685, 1269, 1270, 1280, 1281, 1505)
c(189, 567, 1276, 1277, 1284)
c(38, 39, 1271, 1272, 1276)
c(197, 199, 996, 997, 1203, 1487)
c(96, 400, 473, 1204, 1438, 1440, 1441)
c(195, 1202, 1203, 1485, 1487, 1493)
c(199, 200, 325, 326, 1000)
c(195, 198, 200, 996, 1000, 1203, 1204)
c(198, 199, 326, 327, 1204)
c(686, 960, 1254, 1256, 1348)
c(897, 967, 968, 969, 970)
c(204, 961, 962, 964, 1326, 1327, 1333)
c(203, 895, 964, 1181, 1182, 1325, 1327)
c(206, 216, 285, 883, 884, 927, 971, 972, 973, 974)
c(205, 285, 286)
c(208, 209, 211, 213, 214, 410, 414, 415, 416, 417, 882, 884)
c(207, 209, 882, 883, 973, 974)
c(207, 208, 210, 211, 215, 974)
c(209, 211, 212, 215, 1489, 1495)
c(207, 209, 210, 409, 410, 1489)
c(210, 215, 936, 974, 975, 1451, 1495)
c(207, 214, 884, 971, 972)
c(207, 213, 414)
c(209, 210, 212, 974)
c(205, 883, 973)
c(249, 379, 380, 1421, 1422, 1423)
c(220, 221, 1310, 1377)
c(165, 220, 221, 1310, 1380, 1419, 1420)
c(218, 219, 221, 1310)
c(218, 219, 220, 1377, 1379, 1380)
c(224, 225, 307, 1378, 1379, 1380, 1382, 1398)
c(1382, 1384, 1393)
c(222, 306, 307, 1380, 1419)
c(175, 177, 222, 1378, 1381, 1382)
c(76, 77, 78, 227, 228, 241, 244)
c(76, 226, 228, 237)
c(226, 227, 229, 230, 235, 236, 237, 243)
c(228, 230, 235, 238, 239, 240)
c(228, 229, 237, 240, 1315)
c(233, 1026, 1027, 1415, 1545)
c(233, 234, 503, 504, 886, 1037)
c(231, 232, 886, 1027, 1037, 1545)
c(232, 504, 949, 1033, 1037, 1311, 1527)
c(228, 229, 236, 238, 243)
c(228, 235, 238, 242, 243, 244, 246)
c(76, 227, 228, 230, 1315, 1316)
c(229, 235, 236)
c(229, 240, 450, 451, 1315)
c(229, 230, 239, 1315)
c(78, 226, 244, 549, 1759)
c(236, 245, 246, 289)
c(228, 235, 236, 244)
c(226, 236, 241, 243, 246, 928, 931, 1759)
c(242, 246, 288, 289, 928)
c(236, 242, 244, 245, 928)
c(248, 759, 892, 1044, 1526)
c(247, 379, 759, 1044, 1045)
c(217, 250, 379, 1048, 1049, 1421)
c(249, 946, 1049, 1761)
c(161, 1085, 1090, 1288, 1298)
c(253, 255, 306, 1418, 1427)
c(252, 254, 255, 259, 306, 307, 308, 309)
c(253, 255, 309)
c(252, 253, 254, 1427)
c(259, 1388, 1389, 1390, 1394, 1452, 1454)
c(258, 263, 1141, 1142)
c(158, 257, 263, 426, 1146, 1147)
c(253, 256, 260, 308, 309, 1389, 1394)
c(259, 262, 308, 1391, 1394, 1398)
c(262, 1385, 1387, 1391, 1395)
c(260, 261, 1385, 1391, 1397, 1398)
c(257, 258, 264, 270, 426, 1141)
c(263, 268, 269, 270, 426)
c(266, 267, 268, 1477)
c(265, 267, 271, 1368, 1476, 1477)
c(265, 266, 268, 271, 272)
c(264, 265, 267, 269, 272, 426, 1477)
c(264, 268, 270, 272, 273, 1141)
c(263, 264, 269, 1141)
c(266, 267, 272, 489, 757, 1368, 1370, 1371)
c(267, 268, 269, 271, 273, 753, 757, 1666)
c(269, 272, 753, 1141)
c(275, 281, 1080, 1241)
c(179, 274, 525, 1080, 1240, 1241, 1251)
c(672, 868, 1185, 1186, 1246, 1250, 1251)
c(279, 664, 669, 671, 867, 868, 1247)
c(280, 283, 1242, 1280)
c(277, 664, 676, 869, 1243)
c(278, 283, 869, 1242, 1243, 1248)
c(274, 282, 1241, 1249)
c(186, 281, 283, 1249)
c(186, 278, 280, 282, 1248, 1249)
c(920, 922, 926, 930, 934, 938)
c(205, 206, 286, 923, 926, 927, 929)
c(206, 285, 288, 923)
c(920, 921, 928, 934)
c(245, 286, 289, 923, 924, 928)
c(242, 245, 288)
c(905, 1594, 1598)
c(881, 904, 994, 1001)
c(576, 578, 579, 904, 1594, 1623)
c(294, 993, 998, 1002, 1592, 1602)
c(293, 330, 334, 997, 998, 1486, 1487, 1602)
c(881, 994, 996, 998, 1001, 1002, 1003)
c(24, 297, 298, 299, 939)
c(296, 298, 305, 939, 1092)
c(296, 297, 299, 300, 304, 305)
c(296, 298, 300, 878)
c(298, 299, 304, 507, 878)
c(302, 303, 304, 305, 433, 435, 439, 1091)
c(301, 303, 439, 505)
c(301, 302, 304, 505, 507, 877)
c(298, 300, 301, 303, 305, 507)
c(297, 298, 301, 304, 1091, 1092)
c(224, 252, 253, 307, 1418, 1419)
c(222, 224, 253, 306, 308, 1398)
c(253, 259, 260, 307, 1398)
c(253, 254, 259, 1389, 1390)
c(313, 314, 1491, 1494)
c(315, 316, 331, 334, 538, 1486)
c(313, 315, 320, 538, 540)
c(310, 312, 314, 316, 320, 321, 540, 1491, 1492, 1494)
c(310, 313, 1491)
c(311, 312, 316, 320, 321, 538)
c(311, 313, 315, 321, 1486)
c(95, 318, 319, 872, 1490, 1491, 1493)
c(317, 1491)
c(95, 317, 404, 408, 1489, 1490)
c(312, 313, 315, 321)
c(313, 315, 316, 320)
c(329, 1211, 1437, 1439, 1441)
c(326, 1437, 1440, 1441)
c(325, 326, 1437)
c(198, 324, 326, 575, 995, 999, 1437, 1442)
c(198, 200, 323, 324, 325, 327, 1440)
c(200, 326, 1204, 1440)
c(329, 574, 575, 1218, 1436, 1442)
c(322, 328, 1211, 1218, 1436, 1437)
c(294, 332, 334, 1262, 1268, 1602)
c(311, 332, 333, 334, 538, 1266)
c(330, 331, 334, 1265, 1266, 1268)
c(331, 335, 537, 538, 1263, 1266)
c(294, 311, 330, 331, 332, 1486)
c(333, 536, 537, 1263)
c(339, 536, 543, 690, 1253, 1263, 1264, 1268, 1447)
c(1264, 1265, 1268)
c(1261, 1262, 1267)
c(336, 340, 690, 1261, 1267, 1268, 1347)
c(339, 687, 1261, 1347, 1719, 1720)
c(1019, 1215, 1219, 1231, 1762)
c(344, 1222, 1226, 1238, 1239)
c(1208, 1213, 1225, 1226, 1239)
c(342, 1222, 1230, 1234)
c(346, 347, 348, 349, 356, 941, 943)
c(345, 356, 768, 903, 943)
c(345, 348, 791, 941, 942)
c(345, 347, 349, 350, 351, 791, 804)
c(345, 348, 350, 354, 356)
c(348, 349, 351)
c(348, 350, 352, 353, 354, 356, 804)
c(13, 19, 351, 353, 355, 1411)
c(13, 351, 352, 803, 804)
c(349, 351, 356)
c(352, 356, 767, 1405, 1411)
c(345, 346, 349, 351, 354, 355, 767, 768)
c(358, 359, 360, 361, 363, 364)
c(357, 360, 361, 377)
c(357, 360, 364, 367, 368, 371, 373, 374, 376, 906)
c(357, 358, 359, 362, 371, 372, 373, 376, 377, 1744)
c(357, 358, 362, 363, 365, 366, 377, 759)
c(360, 361, 366, 377, 1518, 1744)
c(357, 361, 364, 367, 906)
c(357, 359, 363)
c(361, 759)
c(361, 362, 759, 892, 1518)
c(359, 363, 906)
c(359, 370, 374, 375, 906, 907)
c(370, 688, 907, 1345, 1349)
c(368, 369, 375, 688, 907)
c(359, 360, 373)
c(360, 373, 374, 375, 376, 1744)
c(359, 360, 371, 372, 376)
c(359, 368, 372, 375, 376)
c(368, 370, 372, 374, 687, 688, 1745)
c(359, 360, 372, 373, 374)
c(358, 360, 361, 362)
c(379, 380, 381, 759)
c(217, 248, 249, 378, 380, 759, 1044, 1047, 1048)
c(217, 378, 379, 381)
c(378, 380)
c(85, 89, 385, 1117, 1127, 1134)
c(93, 384, 386, 1115, 1116, 1117, 1118, 1510)
c(92, 93, 383, 1510, 1514)
c(382, 1124, 1134)
c(383, 1114, 1115, 1116, 1118, 1125, 1126, 1130)
c(388, 683, 685, 1114, 1128, 1130)
c(5, 6, 387, 685, 1128)
c(582, 583, 1107, 1109, 1112)
c(393, 394, 594, 1106)
c(392, 393, 399, 1104, 1108)
c(391, 393, 394, 1108, 1110)
c(390, 391, 392, 394, 399, 594, 597)
c(390, 392, 393, 1106, 1109, 1110)
c(396, 397, 1102, 1103, 1105, 1111)
c(395, 1103, 1105, 1111, 1625)
c(395, 1102, 1104, 1108, 1111)
c(577, 1111, 1112, 1595, 1626)
c(391, 393, 596, 597, 1070, 1071, 1104)
c(96, 196, 401, 402, 403, 406, 473, 474)
c(400, 402, 405, 406, 413, 420)
c(400, 401, 403, 413, 416, 419, 420)
c(400, 402, 418, 419, 465, 472, 474)
c(95, 319, 406, 407, 408)
c(401, 406, 407, 408, 411, 412, 413, 421)
c(95, 96, 400, 401, 404, 405, 407, 1205)
c(404, 405, 406, 408)
c(319, 404, 405, 407, 409, 410, 411, 1489)
c(211, 408, 410, 1489)
c(207, 211, 408, 409, 411, 415, 417)
c(405, 408, 410, 412, 413, 416, 417)
c(405, 411, 413, 421)
c(401, 402, 405, 411, 412, 416, 420)
c(207, 214, 416, 418)
c(207, 410, 417)
c(207, 402, 411, 413, 414, 417, 418, 419)
c(207, 410, 411, 415, 416)
c(144, 403, 414, 416, 419, 465, 467)
c(402, 403, 416, 418)
c(401, 402, 413)
c(405, 412)
c(35, 423, 888, 1094, 1095, 1096, 1097, 1099)
c(52, 422, 424, 427, 1094, 1095, 1097, 1289, 1297, 1474)
c(53, 423, 425, 1095, 1297)
c(53, 424, 1095, 1468)
c(158, 159, 258, 263, 264, 268, 1477, 1481)
c(161, 162, 423, 1288, 1289, 1472, 1474)
c(168, 430, 445, 447, 1137)
c(430, 438, 440, 441, 446, 1135, 1136, 1137, 1138)
c(428, 429, 445, 446, 1137)
c(432, 434, 438, 445, 446, 448, 620, 1140)
c(431, 433, 434, 614, 620, 1093)
c(301, 432, 434, 435, 1091, 1093)
c(431, 432, 433, 435, 448)
c(301, 433, 434, 439, 448, 1140)
c(437, 440, 443, 590, 591, 1136, 1140)
c(436, 439, 591, 592, 1140)
c(429, 431, 446, 1135, 1140)
c(301, 302, 435, 437, 592, 1140)
c(429, 436, 441, 442, 443, 1136)
c(429, 440, 442, 1067, 1072, 1138)
c(440, 441, 443, 444, 1072)
c(436, 440, 442, 444, 587, 590)
c(442, 443, 587, 596, 1071, 1072)
c(428, 430, 431, 446, 447, 618, 620)
c(429, 430, 431, 438, 445, 448)
c(168, 170, 428, 445, 618)
c(431, 434, 435, 446)
c(450, 451, 885, 1077)
c(239, 449, 451, 453, 885, 1315)
c(239, 449, 450)
c(122, 125, 127, 129, 453, 885, 1075, 1076)
c(66, 129, 450, 452, 885, 1314, 1315)
c(456, 457, 460, 462, 466, 476)
c(457, 458, 460, 464, 468)
c(454, 457, 460)
c(454, 455, 456, 460, 466, 468)
c(455, 459, 460, 461, 464, 465, 467, 729, 732)
c(147, 458, 461, 467, 846)
c(454, 455, 456, 457, 458, 462, 731, 732, 738, 984, 985)
c(147, 458, 459, 729)
c(454, 460, 476, 731)
c(464, 465, 472)
c(455, 458, 463, 465, 468, 469)
c(403, 418, 458, 463, 464, 467, 472)
c(454, 457, 468, 470, 476)
c(144, 418, 458, 459, 465, 846)
c(455, 457, 464, 466, 469, 470)
c(464, 468, 470, 472)
c(466, 468, 469, 471, 472, 476)
c(470, 476)
c(403, 463, 465, 469, 470, 474, 475, 476)
c(196, 400, 474, 475, 476, 727, 1438)
c(400, 403, 472, 473, 475)
c(472, 473, 474, 476)
c(454, 462, 466, 470, 471, 472, 473, 475, 727)
c(515, 876, 878, 1581)
c(480, 484, 485, 606, 608)
c(482, 1532, 1533, 1542, 1546, 1551, 1615)
c(478, 481, 485, 606, 1542, 1558, 1559, 1612)
c(480, 1542, 1558)
c(479, 483, 1533, 1538, 1539, 1540)
c(482, 1538, 1540, 1541)
c(478, 485, 600, 608, 1554, 1555, 1691)
c(478, 480, 484, 1554)
c(488, 1532, 1533, 1534, 1539)
c(1062, 1415, 1543, 1544)
c(486, 1532, 1535, 1547)
c(271, 491, 757, 1371, 1372, 1374, 1376)
c(491, 1372, 1373)
c(489, 490, 1372, 1374, 1375)
c(493, 495, 1167, 1168, 1172)
c(492, 1168, 1171, 1172)
c(1164, 1165, 1167, 1565)
c(492, 496, 1163, 1164, 1172)
c(495, 498, 1163, 1170, 1171, 1172)
c(498, 1162, 1171)
c(496, 497, 1162, 1169, 1170, 1171)
c(62, 1053, 1055, 1163, 1166, 1170, 1173, 1561, 1565)
c(501, 1517, 1520, 1530, 1531, 1545)
c(500, 1519, 1520, 1530)
c(1522, 1523, 1527)
c(232, 504, 886, 1516, 1517)
c(232, 234, 503, 1516, 1524, 1527)
c(302, 303, 592, 877, 1568)
c(509, 510, 1569, 1574, 1575, 1577, 1578, 1579, 1582)
c(300, 303, 304, 512, 877, 878, 1576)
c(509, 511, 875, 880, 1580)
c(506, 508, 511, 880, 1577, 1579)
c(506, 877, 1569, 1576, 1577)
c(508, 509, 1577, 1580)
c(507, 513, 878, 1576, 1580)
c(512, 878)
c(875, 876, 1570, 1581)
c(477, 876, 878)
c(517, 874, 1574)
c(516, 874, 1574, 1578, 1579)
c(562, 876, 1570, 1571)
c(520, 521, 523, 524)
c(519, 523)
c(519, 522, 523, 965, 968)
c(180, 521, 524, 527, 965, 966, 1078)
c(519, 520, 521, 967, 968)
c(519, 522, 1078)
c(179, 275, 526, 527, 1079, 1080, 1082)
c(525, 1079, 1081, 1082)
c(178, 179, 180, 522, 525, 1078, 1079)
c(529, 1449, 1451, 1488, 1492, 1496)
c(528, 530, 540, 1449, 1492)
c(529, 532, 533, 534, 535, 540, 544, 1449)
c(532, 533, 535, 551)
c(530, 531, 533)
c(530, 531, 532, 544, 551)
c(530, 535, 537, 538, 539, 540)
c(530, 531, 534, 537, 539)
c(335, 336, 537, 539, 545, 1263, 1447, 1448)
c(333, 335, 534, 535, 536, 538, 539)
c(311, 312, 315, 331, 333, 534, 537, 540)
c(534, 535, 536, 537, 545, 550, 551)
c(312, 313, 529, 530, 534, 538)
c(542, 545, 546, 548, 550, 1448)
c(74, 541, 543, 546, 1448)
c(73, 74, 75, 336, 542, 1253, 1447, 1448)
c(530, 533, 548, 550, 551, 552, 1449)
c(536, 539, 541, 550, 1448)
c(74, 75, 78, 541, 542, 548, 549)
c(549, 925, 1450, 1759)
c(541, 544, 546, 549, 550, 552)
c(78, 241, 546, 547, 548, 552, 1450, 1759)
c(539, 541, 544, 545, 548, 551)
c(531, 533, 539, 544, 550)
c(544, 548, 549, 1449, 1450)
c(554, 555, 561, 957, 958)
c(553, 555, 559, 956, 957)
c(553, 554, 557, 558, 561, 951, 953, 956)
c(558, 564, 565, 566, 951, 952, 1159)
c(555, 558, 953, 954)
c(555, 556, 557, 566, 951, 952, 954)
c(554, 879, 955, 956, 957, 958, 1573)
c(561, 953, 958, 1022, 1023)
c(553, 555, 560, 953, 958)
c(518, 563, 955, 1571)
c(562, 564, 565, 955, 956)
c(556, 563, 565, 951, 956)
c(556, 563, 564)
c(556, 558, 952)
c(193, 713, 715, 915, 1276)
c(569, 571, 572, 580, 1010, 1011)
c(568, 576, 580, 582, 583, 1010)
c(574, 575, 578, 1010, 1011)
c(568, 572, 580, 581, 1020)
c(568, 571, 573, 1011, 1019, 1024, 1025)
c(572, 574, 1011, 1019, 1762)
c(328, 570, 573, 575, 1011, 1218, 1762)
c(325, 328, 570, 574, 578, 995, 1001, 1442)
c(292, 569, 577, 578, 579, 1010)
c(398, 576, 579, 582, 1112, 1595, 1623, 1624)
c(292, 570, 575, 576, 904, 1001, 1010)
c(292, 576, 577, 1623)
c(568, 569, 571, 581, 583)
c(571, 580, 583, 1016, 1020, 1107)
c(389, 569, 577, 583, 1112)
c(389, 569, 580, 581, 582, 1107)
c(585, 588, 595, 1101)
c(584, 588, 593, 594, 595, 597, 1013, 1016, 1101)
c(587, 588, 590, 591, 593)
c(443, 444, 586, 590, 593, 596, 597)
c(584, 585, 586, 589, 591, 593, 1101)
c(588, 591, 592, 1101)
c(436, 443, 586, 587, 591)
c(436, 437, 586, 588, 589, 590, 592)
c(437, 439, 505, 589, 591, 1100, 1101, 1568, 1569, 1583)
c(585, 586, 587, 588, 597)
c(390, 393, 585, 597, 1016, 1106, 1107)
c(584, 585, 1101)
c(399, 444, 587, 597, 1071)
c(393, 399, 585, 587, 593, 594, 596)
c(609, 621, 1553, 1692, 1693, 1695, 1706, 1715)
c(604, 607, 1689, 1691, 1692)
c(484, 608, 1687, 1689, 1691)
c(605, 607, 610, 640, 850, 1690)
c(628, 635, 1586, 1611, 1698, 1699, 1701, 1713)
c(610, 1611, 1690, 1699, 1754)
c(599, 607, 1584, 1688, 1689, 1690)
c(601, 607, 640)
c(478, 480, 608, 1584, 1612, 1687)
c(599, 601, 604, 605, 640)
c(478, 484, 600, 606, 1687)
c(598, 621, 640, 849, 850, 1695)
c(601, 603, 850, 1698, 1699)
c(612, 617, 787, 894, 1073, 1074)
c(26, 27, 611, 613, 615, 786, 787, 789, 1073)
c(612, 614, 615, 619, 1073)
c(26, 432, 613, 615, 619, 620, 940, 1093)
c(26, 612, 613, 614)
c(21, 617, 618, 619, 1074, 1409)
c(20, 21, 611, 616, 893, 894, 1074)
c(445, 447, 616, 619, 620, 1402, 1403)
c(613, 614, 616, 618, 620, 1073, 1074)
c(431, 432, 445, 614, 618, 619)
c(598, 609, 640, 1692)
c(625, 1702, 1703, 1704, 1756)
c(1261, 1262, 1591, 1600, 1718, 1753)
c(630, 632, 1703, 1705, 1713)
c(622, 628, 1700, 1702, 1703, 1713)
c(1723, 1724, 1731, 1733, 1734, 1735, 1758)
c(629, 630, 631, 1711, 1733, 1734, 1737, 1738)
c(602, 625, 1700, 1701, 1713)
c(627, 631, 637, 1711, 1712)
c(624, 627, 631, 632, 1705, 1737)
c(627, 629, 630, 632, 637)
c(624, 630, 631, 637, 1713)
c(634, 636, 638, 639, 1707)
c(633, 635, 638, 1712)
c(602, 634, 636, 852, 1586, 1712, 1713)
c(633, 635, 639, 852)
c(629, 631, 632, 1712, 1713)
c(633, 634, 1707, 1711, 1712)
c(633, 636, 852, 1707, 1740)
c(601, 605, 607, 609, 621, 850, 1692)
c(642, 643, 645, 647, 648, 649, 650, 1443, 1444)
c(641, 643, 644, 650, 983, 992)
c(641, 642, 644, 645)
c(642, 643, 645, 646, 991, 992, 1213, 1225)
c(641, 643, 644, 646, 647, 649)
c(644, 645, 647, 709, 809, 810, 1225)
c(641, 645, 646, 648, 649, 809, 899)
c(641, 647, 899, 900, 1038, 1444)
c(641, 645, 647)
c(641, 642, 728, 987, 1443, 1444, 1446)
c(152, 652, 848, 1353, 1354, 1355, 1357, 1359, 1361, 1362, 1365)
c(651, 1353)
c(823, 1356, 1363, 1365, 1366, 1654)
c(655, 657, 658, 659)
c(654, 656, 658, 659, 1354, 1363)
c(655, 1354, 1357, 1363)
c(654, 658, 659, 821, 1350)
c(654, 655, 657, 821, 822, 1363)
c(654, 655, 657, 1350)
c(173, 174, 1062, 1400, 1401, 1402, 1403, 1408)
c(711, 952, 953, 1014, 1015)
c(1326, 1331, 1335)
c(666, 668, 669, 673, 1506, 1507, 1514)
c(277, 279, 668, 671, 674, 676)
c(670, 672, 1186, 1506, 1508)
c(663, 667, 668, 679, 680, 1514, 1515)
c(666, 675, 680, 1515)
c(663, 664, 666, 669, 671, 674, 679)
c(277, 663, 668, 671, 673)
c(665, 672, 673, 1246, 1506)
c(277, 664, 668, 669)
c(276, 665, 670, 1186)
c(663, 669, 670, 1246, 1247, 1506)
c(664, 668, 676, 677, 679)
c(667, 680, 1510, 1511, 1514, 1515)
c(279, 664, 674, 677, 681, 1242, 1243, 1504)
c(674, 676, 679, 681, 1513)
c(681, 682, 683, 684, 1505, 1513)
c(666, 668, 674, 677, 680, 1512, 1513)
c(79, 666, 667, 675, 679, 1512)
c(676, 677, 678, 1504, 1505, 1513)
c(192, 678, 684, 685, 1505)
c(387, 678, 684, 685, 1114, 1511, 1512, 1513)
c(678, 682, 683, 685)
c(6, 192, 387, 388, 682, 683, 684)
c(201, 1345, 1348)
c(340, 375, 688, 1346, 1347, 1720, 1745)
c(369, 370, 375, 687, 1346, 1349)
c(690, 1254, 1346, 1348)
c(336, 339, 689, 1253, 1254, 1346, 1347)
c(84, 86, 118, 119, 1148, 1339)
c(695, 696, 697, 1340, 1343)
c(117, 694, 698, 1339)
c(693, 698, 1339, 1340, 1343)
c(692, 697, 1340, 1473, 1479)
c(692, 697, 1096, 1098, 1149, 1150, 1343)
c(692, 695, 696, 1098, 1473)
c(113, 117, 158, 693, 694, 1147, 1340, 1481)
c(700, 701, 702, 1043)
c(699, 701, 702, 706, 709, 808, 1043, 1153, 1154)
c(699, 700, 704, 706)
c(699, 700, 708, 709, 1154, 1155, 1156, 1157)
c(704, 705, 706, 1153, 1160, 1161)
c(701, 703, 705, 706)
c(703, 704, 1159, 1161)
c(700, 701, 703, 704, 1153)
c(952, 1158, 1160, 1161)
c(702, 709, 710, 1156, 1224, 1225, 1226)
c(646, 700, 702, 708, 808, 810, 1225)
c(708, 711, 1156, 1223, 1224)
c(661, 710, 952, 1015, 1156, 1158, 1223, 1236)
c(714, 717, 908, 909)
c(567, 912, 915)
c(712, 717, 908, 912, 915, 916)
c(38, 567, 716, 915, 916, 1276)
c(38, 44, 715, 718, 914, 916)
c(712, 714, 720, 909, 916)
c(716, 719, 720, 909, 910, 914, 916)
c(23, 27, 718, 721, 908, 910, 911, 914)
c(717, 718, 916)
c(27, 719, 815, 913, 914)
c(725, 728, 729, 730, 732)
c(724, 732, 738, 977, 985, 990)
c(723, 725, 732, 987, 990)
c(722, 724, 728, 732, 987)
c(733, 735, 978, 980, 987, 988)
c(473, 476, 731, 734, 978, 1438, 1439)
c(650, 722, 725, 730, 987, 1446)
c(147, 458, 461, 722, 730, 732, 737, 1060)
c(722, 728, 729, 737, 1446)
c(460, 462, 727, 978, 984)
c(458, 460, 722, 723, 724, 725, 729, 738)
c(726, 734, 978, 980, 981, 1209)
c(727, 733, 1209, 1439)
c(726, 976, 978, 979, 988)
c(976, 986, 990)
c(729, 730, 778, 1060, 1446)
c(460, 723, 732, 985)
c(744, 749, 753, 758, 1664)
741:742
c(740, 742, 1663, 1665, 1673)
c(740, 741, 743, 1662, 1663)
c(110, 742, 1660)
c(739, 753, 758, 1144, 1145, 1659)
c(746, 755, 1668, 1675, 1676)
c(745, 747, 750, 755, 1671, 1675)
c(746, 750, 751, 752, 755, 756, 1668, 1678)
c(756, 757, 1375, 1376, 1667, 1669, 1677)
c(739, 753, 754, 1672)
c(746, 747, 756, 1667, 1671, 1672)
c(747, 752, 1677, 1678)
c(747, 751, 1668, 1669, 1677)
c(272, 273, 739, 744, 749, 754, 1141, 1145, 1666)
c(749, 753, 1666, 1667)
c(745, 746, 747, 1668)
c(747, 748, 750, 1667, 1677, 1678)
c(271, 272, 489, 748, 1376, 1666, 1667)
c(739, 744, 1659, 1661, 1663, 1664, 1665, 1679)
c(247, 248, 361, 365, 366, 378, 379, 892)
c(761, 762, 1616, 1622)
c(760, 762, 1612, 1613, 1614, 1616)
c(760, 761, 1585, 1611, 1612, 1622)
c(1588, 1589, 1604, 1607, 1610)
c(1596, 1609, 1618, 1622)
c(154, 155, 772, 774, 775, 902)
c(767, 768, 775, 902, 1030)
c(355, 356, 766, 768, 1030, 1404, 1405)
c(346, 356, 766, 767, 902, 903)
c(770, 819, 903, 943, 1464, 1467)
c(769, 771, 772, 773, 819, 902, 903, 1307)
c(770, 773, 819)
c(154, 765, 770, 902)
c(102, 176, 770, 771, 819, 1307, 1466)
c(155, 765, 775, 1034, 1035)
c(765, 766, 774, 902, 1030, 1035)
c(148, 777, 779, 1051, 1358, 1657, 1658, 1683)
c(147, 148, 776, 779, 1059, 1060)
c(737, 1057, 1058, 1060, 1446)
c(776, 777, 1051, 1052, 1056, 1059)
c(811, 817)
c(789, 815, 917, 919)
c(49, 50, 783, 811, 817)
c(49, 782, 784, 801, 811, 813, 814)
c(18, 783, 801, 814)
c(786, 787, 812, 917, 918, 919)
c(612, 785, 787, 789)
c(16, 611, 612, 785, 786, 812, 814, 894)
c(811, 816, 917, 918)
c(27, 612, 781, 786, 815, 917, 919)
c(791, 792, 793, 802, 805)
c(347, 348, 790, 792, 794, 795, 802, 804, 942)
c(790, 791, 793, 794)
c(17, 790, 792, 794, 798, 799, 800, 805)
c(29, 36, 791, 792, 793, 795, 798)
c(29, 100, 791, 794, 942)
c(2, 36, 49, 51, 797, 798, 799, 1007)
c(49, 796, 799, 800, 801)
c(36, 793, 794, 796, 799)
c(793, 796, 797, 798, 800)
c(17, 793, 797, 799, 801, 806)
c(18, 49, 783, 784, 797, 800, 806)
c(17, 790, 791, 803, 804, 805)
c(11, 13, 17, 353, 802, 804)
c(348, 351, 353, 791, 802, 803)
c(17, 790, 793, 802)
c(17, 18, 800, 801)
c(898, 1041, 1168)
c(700, 709, 809, 810, 1043)
c(646, 647, 808, 810, 899, 901, 1043)
c(646, 709, 808, 809)
c(780, 782, 783, 788, 815, 816, 817, 918)
c(785, 787, 813, 814, 918)
c(783, 812, 814, 918)
c(16, 18, 783, 784, 787, 812, 813)
c(27, 43, 721, 781, 789, 811, 816, 817, 913, 914, 917)
c(788, 811, 815, 917)
c(43, 50, 780, 782, 811, 815)
c(184, 1322, 1334, 1338)
c(769, 770, 771, 773, 1466, 1467)
c(823, 843, 1358, 1653, 1654, 1658)
c(657, 658, 822, 833, 1350, 1353, 1633, 1643)
c(658, 821, 1363, 1633, 1653, 1654)
c(653, 820, 1358, 1365, 1654)
c(830, 832, 1644, 1648, 1655)
c(826, 828, 829, 833, 837, 1638, 1651)
c(825, 828, 829, 1630, 1631, 1642, 1649)
c(828, 1630, 1632, 1640)
c(825, 826, 827, 836, 837, 1632)
c(825, 826, 833, 1642)
c(824, 834, 1637, 1644, 1651, 1652, 1655)
c(832, 1636, 1648)
c(824, 831, 839, 841, 1636, 1648, 1655, 1656)
c(821, 825, 829, 1642, 1643, 1651)
c(830, 1632, 1637, 1638, 1640, 1644)
c(1644, 1645, 1647, 1657)
c(828, 837, 1632)
c(825, 828, 836, 1632, 1638)
c(1052, 1053, 1635, 1647, 1657)
c(832, 840, 841, 842, 1636)
c(60, 61, 63, 64, 839, 842, 865, 1636, 1656)
c(832, 839, 842, 1656)
c(839, 840, 841, 1656)
c(820, 1630, 1631, 1641, 1645, 1653, 1658)
c(146, 150, 151, 847, 1359, 1680)
c(141, 142, 144, 846, 1682, 1684)
c(144, 147, 459, 467, 845, 1684)
c(844, 1359, 1360, 1680, 1683)
c(143, 149, 151, 152, 651, 1359, 1685, 1686)
c(609, 850, 1695, 1696, 1702, 1755, 1756)
c(601, 609, 610, 640, 849, 1701)
c(1705, 1727, 1732, 1734, 1737, 1738)
c(635, 636, 639, 1603, 1628, 1739, 1740, 1750, 1753)
c(55, 56, 860, 863, 1563, 1566, 1634)
c(57, 855, 856, 858, 1560, 1564, 1566, 1567)
c(57, 58, 59, 854, 856, 857, 858)
c(58, 854, 855, 857, 858)
c(58, 855, 856)
c(57, 58, 59, 64, 854, 855, 856, 859, 861)
c(57, 858, 861, 1566, 1567)
c(853, 861, 1563, 1566)
c(64, 858, 859, 860, 1563)
c(60, 863, 864, 1563)
c(60, 61, 853, 862, 865, 1563, 1634)
c(60, 64, 862, 1563)
c(61, 840, 863, 1634, 1636)
c(867, 868, 871, 1250)
c(277, 866, 868, 869, 871)
c(276, 277, 866, 867, 1246, 1247, 1250)
c(279, 280, 867, 870, 871, 1243, 1248)
c(869, 871, 1244, 1248)
c(866, 867, 869, 870, 1244, 1250)
c(95, 317, 873, 1202, 1206, 1493)
c(94, 872, 1202, 1204, 1206)
c(516, 517, 875, 880, 1572, 1574, 1579, 1582)
c(508, 514, 874, 880, 1570, 1572, 1573, 1580, 1581)
c(477, 514, 515, 518, 1570, 1581)
c(303, 505, 507, 510, 1568, 1569, 1576)
c(299, 300, 477, 507, 512, 513, 515, 1580)
c(559, 958, 1572, 1573, 1583)
c(508, 509, 874, 875, 1579)
c(291, 295, 994, 1001)
c(207, 208, 883, 884)
c(205, 208, 216, 882, 884, 973)
c(205, 207, 213, 882, 883, 972)
c(449, 450, 452, 453, 1075, 1077)
c(232, 233, 503, 1517, 1545)
c(28, 30, 98, 888, 1095)
c(30, 35, 422, 887, 1095)
c(890, 1521, 1522, 1523, 1525)
c(889, 1516, 1521, 1524, 1525)
c(892, 1518, 1520, 1522, 1526, 1527)
c(247, 366, 759, 891, 1518, 1526)
c(20, 617, 894)
c(11, 12, 14, 16, 20, 611, 617, 787, 893)
c(204, 897, 963, 964, 965, 966, 1182)
c(897, 962, 963)
c(202, 895, 896, 962, 963, 965, 968, 969)
c(807, 901, 1041, 1042, 1043)
c(647, 648, 809, 900, 901)
c(648, 899, 901, 1038, 1041)
c(809, 898, 899, 900, 1041, 1043)
c(765, 766, 768, 770, 772, 775, 903)
c(346, 768, 769, 770, 902, 943)
c(291, 292, 578, 994, 1001, 1594)
c(290, 993, 1002, 1003, 1594, 1598, 1620)
c(359, 363, 367, 368, 907)
c(368, 369, 370, 906)
c(712, 714, 719, 909, 910, 911, 912)
c(712, 717, 718, 908, 910)
c(718, 719, 908, 909)
c(719, 908, 912)
c(713, 714, 908, 911, 915)
c(721, 815, 914)
c(43, 44, 716, 718, 719, 721, 815, 913)
c(567, 713, 714, 715, 912, 916)
c(714, 715, 716, 717, 718, 720, 915)
c(781, 785, 788, 789, 815, 816, 918, 919)
c(785, 788, 811, 812, 813, 917, 919)
c(781, 785, 789, 917, 918)
c(284, 287, 921, 930, 934)
c(287, 920, 930)
c(284, 933, 934, 935, 938)
c(285, 286, 288, 924, 929)
c(288, 923, 928, 929)
c(547, 931, 932, 937, 1450, 1759)
c(284, 285, 927, 929, 930, 938)
c(205, 285, 926, 936, 938, 974, 975)
c(244, 245, 246, 287, 288, 924, 929, 930, 931)
c(285, 923, 924, 926, 928, 930)
c(284, 920, 921, 926, 928, 929)
c(244, 925, 928, 934, 935, 1759, 932)
c(925, 933, 935, 937, 938, 931)
c(922, 932, 935, 938)
c(284, 287, 920, 922, 931, 935)
c(922, 931, 932, 933, 934)
c(212, 927, 937, 938, 975, 1451)
c(925, 932, 936, 938, 1450, 1451)
c(284, 922, 926, 927, 932, 933, 936, 937)
c(24, 25, 26, 296, 297, 940, 1092)
c(26, 614, 939, 1092, 1093)
c(100, 345, 347, 942, 943)
c(100, 347, 791, 795, 941, 943)
c(345, 346, 769, 903, 941, 942, 1464)
c(165, 946, 947, 948)
c(946, 949, 950)
c(165, 166, 250, 944, 945, 947, 949, 950, 1421, 1761)
c(164, 944, 946, 948, 950, 1311, 1312)
c(164, 165, 944, 947, 1310)
c(167, 234, 945, 946, 950, 1311, 1527, 1761)
c(945, 946, 947, 949, 1311)
c(555, 556, 558, 564, 956)
c(556, 558, 566, 661, 707, 711, 953, 954, 1158, 1159, 1161)
c(555, 557, 560, 561, 661, 952, 954, 1014, 1023)
c(557, 558, 952, 953)
c(559, 562, 563, 956, 1571, 1573)
c(554, 555, 559, 563, 564, 951, 955)
c(553, 554, 559, 958)
c(553, 559, 560, 561, 879, 957, 1012, 1022, 1583)
c(131, 137, 960, 1259)
c(135, 137, 201, 959, 1256, 1259)
c(203, 962, 970)
c(203, 896, 897, 961, 963, 969, 970)
c(895, 896, 897, 962, 964)
c(203, 204, 895, 963)
c(521, 522, 895, 897, 966, 968)
c(180, 522, 895, 965, 1176, 1182)
c(202, 523, 968, 970)
c(202, 521, 523, 897, 965, 967)
c(202, 897, 962, 970)
c(202, 961, 962, 967, 969)
c(205, 213, 972)
c(205, 213, 884, 971)
c(205, 208, 216, 883, 974)
c(205, 208, 209, 212, 215, 927, 973, 975)
c(212, 927, 936, 974)
c(735, 736, 977, 979, 986, 988, 990)
c(723, 976, 979, 990)
c(726, 727, 731, 733, 735, 979, 984)
c(735, 976, 977, 978, 984, 985)
c(726, 733, 981, 982, 987, 989)
c(733, 980, 982, 991, 1214)
c(980, 981, 989, 991)
c(642, 987, 989, 992)
c(460, 731, 978, 979, 985)
c(460, 723, 738, 979, 984)
c(736, 976, 987, 988, 990)
c(650, 724, 725, 726, 728, 980, 983, 986, 988, 989, 990)
c(726, 735, 976, 986, 987)
c(980, 982, 983, 987, 992)
c(723, 724, 736, 976, 977, 986, 987)
c(644, 981, 982, 992, 1213, 1214)
c(642, 644, 983, 989, 991)
c(293, 905, 1002, 1592, 1599)
c(291, 295, 881, 904, 1003, 1594)
c(325, 575, 999, 1001)
c(195, 199, 295, 997, 998, 1000, 1001)
c(195, 294, 996, 998, 1487)
c(293, 294, 295, 996, 997, 1002)
c(325, 995, 1000, 1001)
c(198, 199, 996, 999, 1001)
c(291, 295, 575, 578, 881, 904, 995, 996, 999, 1000)
c(293, 295, 905, 993, 998, 1003)
c(295, 905, 994, 1002, 1594)
c(3, 5, 6, 7, 8, 1005, 1009)
c(0, 7, 48, 1004, 1008, 1009)
c(1, 2, 3, 37, 1008, 1009, 1007)
c(2, 34, 36, 37, 796, 1006)
c(1, 48, 1005, 1006, 1009)
c(3, 1004, 1005, 1006, 1008)
c(568, 569, 570, 576, 578, 1011)
c(568, 570, 572, 573, 574, 1010)
c(958, 1013, 1022, 1100, 1101)
c(585, 1012, 1016, 1018, 1022, 1023, 1101)
c(10, 661, 953, 1015, 1023)
c(9, 10, 661, 711, 1014, 1236)
c(581, 585, 594, 1013, 1017, 1018, 1020)
c(1016, 1018, 1020, 1021, 1023, 1025)
c(1013, 1016, 1017, 1023)
c(341, 572, 573, 1024, 1228, 1231, 1762)
c(571, 581, 1017, 1025, 1016)
c(9, 1017, 1023, 1024, 1025, 1228)
c(560, 958, 1012, 1013, 1023)
c(9, 10, 560, 953, 1013, 1014, 1017, 1018, 1021, 1022)
c(572, 1019, 1021, 1025, 1228)
c(572, 1017, 1020, 1021, 1024)
c(231, 1027, 1029, 1032, 1413, 1415)
c(231, 233, 1026, 1032, 1037)
c(1029, 1031, 1032)
c(1026, 1028, 1031, 1032, 1413)
c(766, 767, 775, 1031, 1032, 1035, 1404)
c(1028, 1029, 1030, 1032, 1404, 1413)
c(1026, 1027, 1028, 1029, 1030, 1031, 1033, 1035, 1036, 1037)
c(234, 1032, 1034, 1035, 1036, 1037, 1311)
c(155, 774, 1033, 1035, 1311, 1313)
c(774, 775, 1030, 1032, 1033, 1034)
c(1032, 1033, 1037)
c(232, 233, 234, 1027, 1032, 1033, 1036)
c(648, 900, 1039, 1040, 1041, 1444)
c(1038, 1040, 1041, 1174, 1445)
c(1038, 1039, 1444, 1445, 1446)
c(807, 898, 900, 901, 1038, 1039, 1168, 1171, 1174, 1175)
c(898, 1043)
c(699, 700, 808, 809, 898, 901, 1042)
c(247, 248, 379, 1045, 1047, 1526)
c(248, 1044)
c(1047, 1049)
c(379, 1044, 1046, 1048, 1049, 1526, 1761)
c(249, 379, 1047, 1049)
c(249, 250, 1046, 1047, 1048, 1761)
c(1053, 1054, 1056, 1057, 1446)
c(776, 779, 1052, 1657)
c(779, 838, 1051, 1053, 1056, 1657)
c(62, 499, 838, 1050, 1052, 1054, 1055, 1056, 1635)
c(1050, 1053, 1055, 1446)
c(499, 1053, 1054, 1173, 1445, 1446)
c(779, 1050, 1052, 1053, 1057, 1059)
c(778, 1050, 1056, 1058, 1059, 1446)
c(778, 1057, 1059, 1060)
c(777, 779, 1056, 1057, 1058, 1060)
c(147, 729, 737, 777, 778, 1058, 1059)
c(172, 1068, 1529, 1543, 1548, 1062)
c(172, 174, 487, 660, 1400, 1415, 1416, 1543, 1061)
c(169, 171, 1064, 1067, 1070, 1072)
c(169, 172, 1063, 1065, 1066, 1068, 1069, 1070)
c(169, 172, 173, 174, 1064, 1066)
c(172, 1064, 1065)
c(168, 171, 441, 1063, 1072)
c(172, 1061, 1064, 1069, 1102, 1103)
c(1064, 1068, 1070, 1102, 1104)
c(399, 1063, 1064, 1069, 1071, 1072, 1104)
c(399, 444, 596, 1070, 1072)
c(441, 442, 444, 1063, 1067, 1070, 1071)
c(611, 612, 613, 619, 1074)
c(611, 616, 617, 619, 1073)
c(452, 885, 1076, 1077)
c(122, 452, 1075, 1077)
c(449, 885, 1076, 1075)
c(522, 524, 527, 1079)
c(525, 526, 527, 1078, 1082)
c(274, 275, 525, 1082)
c(526, 1082)
c(525, 526, 1079, 1080, 1081)
c(1084, 1368, 1476)
c(159, 160, 1083, 1088, 1368, 1458, 1476)
c(161, 163, 251, 1086, 1088, 1089, 1090)
c(1085, 1087, 1088, 1089)
c(1086, 1088, 1089, 1458, 1460)
c(160, 1084, 1085, 1086, 1087, 1458)
c(1085, 1086, 1087, 1090, 1300, 1502, 1503, 1760)
c(251, 1085, 1089, 1300)
c(301, 305, 433, 1092, 1093)
c(297, 305, 939, 940, 1091, 1093)
c(432, 433, 614, 940, 1091, 1092)
c(422, 423, 1095)
c(98, 422, 423, 424, 425, 887, 888, 1094, 1468)
c(33, 422, 696, 1098, 1150, 1099)
c(422, 423, 1098, 1099, 1473, 1474)
c(696, 697, 1096, 1097, 1099, 1473)
c(422, 1097, 1098, 1096)
c(592, 1012, 1101, 1583)
c(584, 585, 588, 589, 592, 595, 1012, 1013, 1100)
c(395, 397, 1068, 1069, 1103, 1104)
c(395, 396, 1068, 1102, 1548, 1617, 1625)
c(391, 397, 399, 1069, 1070, 1102, 1108)
c(395, 396, 1111)
c(390, 394, 594, 1107, 1109)
c(389, 581, 583, 594, 1106, 1109)
c(391, 392, 397, 1104, 1110, 1111)
c(389, 394, 1106, 1107, 1110, 1112, 1113)
c(392, 394, 1108, 1109, 1111, 1113)
c(395, 396, 397, 398, 1105, 1108, 1110, 1112, 1113, 1625, 1626)
c(389, 398, 577, 582, 1109, 1111, 1113)
1109:1112
c(386, 387, 683, 1115, 1130, 1511)
c(383, 386, 1114, 1116, 1510, 1511)
c(383, 386, 1115)
c(89, 91, 93, 382, 383, 1118, 1126, 1127)
c(383, 386, 1117, 1126)
c(32, 1120, 1121)
c(32, 33, 1119, 1121, 1122, 1123, 1151)
c(8, 32, 1119, 1120, 1122, 1128, 1129)
c(1120, 1121, 1123, 1124, 1125, 1127, 1129, 1133)
c(1120, 1122, 1131, 1133, 1148, 1151)
c(385, 1122, 1127, 1133)
c(386, 1122, 1126, 1127, 1129, 1130)
c(386, 1117, 1118, 1125, 1127)
c(382, 1117, 1122, 1124, 1125, 1126)
c(5, 8, 387, 388, 1121, 1129, 1130)
c(1121, 1122, 1125, 1128, 1130)
c(386, 387, 1114, 1125, 1128, 1129)
c(1123, 1132, 1133, 1134, 1148)
c(85, 86, 1131, 1134, 1148)
c(1122, 1123, 1124, 1131, 1134)
c(85, 382, 385, 1131, 1132, 1133)
c(429, 438, 1136, 1140)
c(429, 436, 440, 1135, 1139, 1140)
c(168, 428, 429, 430, 1138)
c(168, 429, 441, 1137)
c(1136, 1140)
c(431, 435, 436, 437, 438, 439, 1135, 1136, 1139)
c(257, 263, 269, 270, 273, 753, 1142, 1144, 1145)
c(257, 1141, 1144, 1146)
c(115, 116, 1144, 1146, 1147)
c(111, 115, 744, 1141, 1142, 1143, 1145, 1146, 1659)
c(744, 753, 1141, 1144)
c(258, 1142, 1143, 1144, 1147)
c(116, 158, 258, 698, 1143, 1146)
c(691, 1123, 1131, 1132, 1151, 1152, 1339, 1341)
c(696, 1150, 1151, 1341, 1342, 1343)
c(33, 696, 1096, 1149, 1151)
c(33, 1120, 1123, 1148, 1149, 1150, 1152)
c(1148, 1151, 1341)
c(700, 703, 706, 1154, 1155, 1160)
c(700, 702, 1153, 1155)
c(702, 1153, 1154, 1157, 1160)
c(702, 708, 710, 711, 1157, 1158)
c(702, 1155, 1156, 1158, 1160)
c(707, 711, 952, 1156, 1157, 1160)
c(556, 705, 952, 1161)
c(703, 707, 1153, 1155, 1157, 1158, 1161)
c(703, 705, 707, 952, 1159, 1160)
c(497, 498, 1169, 1171, 1173, 1175)
c(495, 496, 499, 1164, 1166, 1170)
c(494, 495, 1163, 1165, 1166, 1167)
c(494, 1164, 1166, 1565)
c(499, 1163, 1164, 1165, 1565)
c(492, 494, 1164, 1168)
c(492, 493, 807, 1041, 1167, 1171)
c(498, 1162, 1170, 1173)
c(496, 498, 499, 1163, 1169, 1173)
c(493, 496, 497, 498, 1041, 1162, 1168, 1172, 1175)
c(492, 493, 495, 496, 1171)
c(499, 1055, 1162, 1169, 1170, 1174, 1175, 1445)
c(1039, 1041, 1173, 1175, 1445)
c(1041, 1162, 1171, 1173, 1174)
c(178, 180, 966, 1177, 1179, 1180, 1182)
c(1176, 1180, 1182, 1183)
c(178, 179, 1179, 1180, 1185)
c(178, 1176, 1178, 1180)
c(1176, 1177, 1178, 1179, 1183, 1185, 1187)
c(204, 1182, 1183, 1184, 1320, 1325)
c(204, 895, 966, 1176, 1177, 1181, 1183)
c(1177, 1180, 1181, 1182, 1184, 1187)
c(1181, 1183, 1187, 1320)
c(179, 276, 1178, 1180, 1186, 1187, 1251)
c(276, 665, 672, 1185, 1187, 1188, 1508)
c(1180, 1183, 1184, 1185, 1186, 1188, 1189, 1320)
c(1186, 1187, 1189, 1508)
c(92, 1187, 1188, 1196, 1320, 1508)
c(103, 112, 116, 117, 184, 1191, 1192, 1195)
c(103, 1190, 1192)
c(103, 104, 105, 106, 108, 182, 1190, 1191, 1193, 1194)
c(103, 111, 112, 114, 1192, 1194)
c(106, 109, 110, 114, 1192, 1193)
c(117, 118, 184, 185, 1190)
c(92, 1189, 1197, 1318, 1320)
c(88, 90, 92, 1196, 1198, 1318, 1324)
c(88, 91, 92, 93, 1197, 1199)
c(87, 88, 91, 1198)
c(82, 119, 185, 1201)
c(81, 82, 83, 84, 185, 1200, 1321)
c(197, 872, 873, 1203, 1204, 1493)
c(195, 197, 199, 1202, 1204)
c(94, 96, 196, 199, 200, 327, 873, 1202, 1203, 1207, 1440)
c(95, 96, 406, 1206, 1207)
c(94, 95, 872, 873, 1205, 1207)
c(94, 96, 1204, 1205, 1206)
c(343, 1225, 1226)
c(733, 734, 1210, 1214, 1439)
c(1209, 1211, 1214, 1235, 1439)
c(322, 329, 1210, 1212, 1216, 1218, 1235, 1439)
c(1211, 1216, 1235, 1763)
c(343, 644, 991, 1214, 1225, 1239)
c(981, 991, 1209, 1210, 1213, 1235, 1239)
c(341, 1219, 1229, 1231)
c(1211, 1212, 1217, 1218, 1763)
c(1216, 1218, 1219, 1229, 1763)
c(328, 329, 574, 1211, 1216, 1217, 1219, 1762)
c(341, 1215, 1217, 1218, 1229, 1762)
c(1221, 1222, 1223, 1224, 1234, 1237)
c(1220, 1222, 1224, 1226)
c(342, 344, 1220, 1221, 1226, 1234)
c(710, 711, 1220, 1224, 1236, 1237)
c(708, 710, 1220, 1221, 1223, 1226)
c(343, 644, 646, 708, 709, 1208, 1213, 1226)
c(342, 343, 708, 1208, 1221, 1222, 1224, 1225, 1239)
c(1228, 1232, 1236, 1237, 1231)
c(9, 1019, 1021, 1024, 1227, 1231, 1236)
c(1215, 1217, 1219, 1230, 1231, 1233, 1763)
c(344, 1229, 1232, 1233, 1234, 1238, 1763)
c(341, 1019, 1215, 1228, 1229, 1232, 1233, 1227)
c(1227, 1230, 1231, 1233, 1234)
c(1229, 1230, 1231, 1232, 1234)
c(344, 1220, 1222, 1230, 1232, 1233, 1237)
c(1210, 1211, 1212, 1214, 1238, 1239, 1763)
c(9, 711, 1015, 1223, 1227, 1228, 1237)
c(1220, 1223, 1227, 1234, 1236)
c(342, 1230, 1235, 1239, 1763)
c(342, 343, 1213, 1214, 1226, 1235, 1238)
c(275, 1241, 1245, 1251)
c(274, 275, 281, 1240, 1245, 1249)
c(278, 280, 676, 1243, 1280, 1504, 1505)
c(279, 280, 676, 869, 1242)
c(870, 871, 1245, 1248, 1250)
c(1240, 1241, 1244, 1248, 1249, 1250, 1251)
c(276, 670, 673, 868, 1247)
c(277, 673, 868, 1246)
c(280, 283, 869, 870, 1244, 1245, 1249)
c(281, 282, 283, 1241, 1245, 1248)
c(276, 866, 868, 871, 1244, 1245, 1251)
c(179, 275, 276, 1185, 1240, 1245, 1250)
c(67, 68, 70, 1253, 1255, 1257, 1258, 1259, 1260)
c(70, 73, 336, 543, 690, 1252, 1254, 1257)
c(201, 689, 690, 1253, 1256, 1257, 1348)
c(1252, 1256, 1258, 1259)
c(201, 960, 1254, 1255, 1257, 1258, 1259)
c(1252, 1253, 1254, 1256, 1258)
c(1252, 1255, 1256, 1257)
c(67, 131, 959, 960, 1252, 1255, 1256, 1260)
c(67, 1252, 1259)
c(338, 339, 340, 623, 1262, 1267, 1716, 1718, 1719, 1747)
c(330, 338, 623, 1261, 1267, 1268, 1602)
c(333, 335, 336, 536, 1264, 1265, 1266)
c(336, 337, 1263, 1265, 1268)
c(332, 337, 1263, 1264, 1266, 1268)
c(331, 332, 333, 1263, 1265)
c(338, 339, 1261, 1262, 1268)
c(330, 332, 336, 337, 339, 1262, 1264, 1265, 1267)
c(190, 191, 192, 1270, 1275, 1278, 1281)
c(4, 6, 192, 1269, 1275)
c(0, 39, 40, 48, 194, 1272, 1274)
c(190, 194, 1271, 1273, 1274, 1276, 1285)
c(190, 1272, 1285)
c(0, 190, 1271, 1272, 1275)
c(0, 4, 190, 1269, 1270, 1274)
c(38, 193, 194, 567, 715, 1272, 1284, 1285)
c(189, 193, 1284)
c(189, 190, 191, 1269, 1279, 1283, 1284, 1285)
c(186, 187, 188, 189, 1278, 1280, 1281, 1282, 1283)
c(186, 192, 278, 1242, 1279, 1281, 1505)
c(191, 192, 1269, 1279, 1280, 1282)
c(191, 1279, 1281, 1283)
c(191, 1278, 1279, 1282)
c(193, 1276, 1278, 1285, 1277)
c(190, 1272, 1273, 1278, 1284, 1276)
c(1296, 1299, 1301)
c(52, 1288, 1289, 1297, 1298)
c(161, 251, 427, 1287, 1289, 1298)
c(52, 423, 427, 1287, 1288)
c(53, 54, 102, 1291, 1292, 1470)
c(80, 102, 1290, 1292, 1293, 1294)
c(53, 1290, 1291, 1293, 1297, 1298)
c(1291, 1292, 1294, 1298)
c(80, 1291, 1293, 1295, 1296, 1298)
c(80, 175, 1294, 1296, 1301, 1383, 1384)
c(1286, 1294, 1295, 1299, 1300, 1301)
c(52, 53, 423, 424, 1287, 1292, 1298)
c(251, 1287, 1288, 1292, 1293, 1294, 1297, 1300)
c(1286, 1296, 1300, 1301)
c(1089, 1090, 1296, 1298, 1299, 1301, 1760)
c(1286, 1295, 1296, 1299, 1300, 1383, 1455, 1760)
c(175, 176, 177, 1303, 1307)
c(153, 156, 157, 177, 1302, 1305, 1307, 1308, 1309)
c(154, 1306, 1308)
c(1303, 1306, 1307, 1308)
c(154, 1304, 1305, 1307, 1308)
c(154, 176, 770, 773, 1302, 1303, 1305, 1306)
c(154, 1303, 1305, 1309, 1304, 1306)
c(154, 155, 156, 1303, 1308)
c(164, 165, 218, 219, 220, 948, 1312, 1313, 1377)
c(234, 947, 949, 950, 1033, 1034, 1312, 1313)
c(164, 947, 1310, 1311, 1313)
c(155, 156, 1034, 1310, 1311, 1312, 1377)
c(66, 71, 453, 1315, 1316)
c(230, 237, 239, 240, 450, 453, 1314, 1316)
c(71, 76, 237, 1314, 1315)
c(1318, 1319, 1325, 1336)
c(1196, 1197, 1317, 1319, 1320, 1324, 1336)
c(1317, 1318, 1320, 1325)
c(1181, 1184, 1187, 1189, 1196, 1318, 1319, 1325)
c(81, 90, 185, 1201, 1322, 1323, 1324)
c(184, 185, 818, 1321, 1323, 1334)
c(1321, 1322, 1324, 1334, 1336)
c(90, 1197, 1318, 1321, 1323, 1336)
c(204, 1181, 1317, 1319, 1320, 1327, 1336, 1337)
c(203, 662, 1327, 1328, 1331, 1333, 1335)
c(203, 204, 1325, 1326, 1328, 1337)
c(1326, 1327, 1335, 1337, 1338)
c(181, 1331, 1332)
1332:1333
c(181, 182, 662, 1326, 1329, 1332, 1333, 1335)
c(1329, 1330, 1331, 1333)
c(203, 1326, 1330, 1331, 1332)
c(818, 1322, 1323, 1336, 1338)
c(182, 662, 1326, 1328, 1331, 1338)
c(1317, 1318, 1323, 1324, 1325, 1334, 1337, 1338)
c(1325, 1327, 1328, 1336, 1338)
c(182, 184, 818, 1328, 1334, 1335, 1336, 1337)
c(117, 118, 691, 693, 694, 1148, 1340, 1341, 1343)
c(692, 694, 695, 698, 1339, 1343, 1479, 1481)
c(1148, 1149, 1152, 1339, 1342, 1343)
c(1149, 1341, 1343)
c(692, 694, 696, 1149, 1339, 1340, 1341, 1342)
c(1345, 1349)
c(369, 686, 1344, 1348, 1349)
c(687, 688, 689, 690, 1347, 1349)
c(339, 340, 687, 690, 1346)
c(201, 686, 689, 1254, 1345, 1349)
c(369, 688, 1344, 1345, 1346, 1348)
c(657, 659, 821, 1351, 1353, 1354, 1364)
c(1350, 1354, 1355, 1364)
c(1355, 1364, 1353)
c(651, 652, 821, 1350, 1355, 1364, 1352)
c(651, 655, 656, 1350, 1351, 1355)
c(651, 1351, 1352, 1353, 1354, 1364)
c(653, 1357, 1365, 1366)
c(651, 656, 1356, 1363, 1365, 1366)
c(776, 820, 823, 1365, 1367, 1658)
c(151, 651, 844, 847, 848, 1360, 1362)
c(847, 1359, 1362, 1367, 1683)
c(651, 1362, 1365)
c(651, 1359, 1360, 1361, 1365, 1367)
c(653, 655, 656, 658, 822, 1357, 1366)
c(1350, 1351, 1352, 1353, 1355)
c(651, 653, 823, 1356, 1357, 1358, 1361, 1362, 1367)
c(653, 1356, 1357, 1363)
c(1358, 1360, 1362, 1365, 1683)
c(266, 271, 1083, 1084, 1369, 1370, 1458, 1459, 1476)
c(1368, 1370, 1373, 1459)
c(271, 1368, 1369, 1371, 1373)
c(271, 489, 1370, 1372, 1373)
c(489, 490, 491, 1371, 1373)
c(490, 1369, 1370, 1371, 1372)
c(489, 491, 1375, 1376)
c(491, 748, 1374, 1376)
c(489, 748, 757, 1374, 1375)
c(156, 157, 218, 221, 1310, 1313, 1378, 1379)
c(157, 177, 222, 225, 1377, 1379)
c(221, 222, 1377, 1378, 1380)
c(219, 221, 222, 224, 1379, 1419)
c(225, 1382)
c(175, 222, 223, 225, 1381, 1384, 1386, 1393, 1397, 1398)
c(1295, 1301, 1384, 1388, 1394, 1455, 1456)
c(175, 223, 1295, 1382, 1383, 1393, 1394)
c(261, 262, 1387, 1397)
c(1382, 1387, 1393, 1396, 1397)
c(261, 1385, 1386, 1395, 1396, 1397)
c(256, 1383, 1394, 1454, 1456)
c(256, 259, 309, 1390)
c(256, 309, 1389)
c(260, 261, 262, 1392, 1393, 1394, 1395)
c(1391, 1393, 1395, 1396)
c(223, 1382, 1384, 1386, 1391, 1392, 1394, 1396)
c(256, 259, 260, 1383, 1384, 1388, 1391, 1393)
c(261, 1387, 1391, 1392, 1396)
c(1386, 1387, 1392, 1393, 1395)
c(262, 1382, 1385, 1386, 1387, 1398)
c(222, 260, 262, 307, 308, 1382, 1397)
c(1400, 1401, 1407, 1408, 1410, 1417)
c(660, 1062, 1399, 1401, 1416, 1417)
c(660, 1399, 1400, 1408)
c(170, 618, 660, 1403)
c(618, 660, 1402, 1408, 1409)
c(767, 1030, 1031, 1405, 1406, 1413, 1414, 1417)
c(355, 767, 1404, 1406, 1411)
c(1404, 1405, 1407, 1411, 1417, 1410)
c(1399, 1406, 1417, 1410)
c(21, 660, 1399, 1401, 1403, 1409, 1410, 1412)
c(21, 616, 1403, 1408)
c(1399, 1408, 1411, 1412, 1406, 1407)
c(19, 352, 355, 1405, 1406, 1410, 1412)
c(15, 19, 20, 21, 1408, 1410, 1411)
c(1026, 1029, 1031, 1404, 1414, 1415)
c(1404, 1413, 1415, 1416, 1417)
c(231, 487, 1026, 1062, 1413, 1414, 1416, 1544)
c(1062, 1400, 1414, 1415, 1417)
c(1399, 1400, 1404, 1406, 1407, 1414, 1416)
c(252, 306, 1419, 1427, 1433, 1435)
c(219, 224, 306, 1380, 1418, 1420, 1422, 1433)
c(165, 166, 219, 1419, 1421, 1422)
c(166, 217, 249, 946, 1420, 1422)
c(217, 1419, 1420, 1421, 1423, 1425, 1433)
c(217, 1422, 1425, 1431, 1432)
c(1427, 1428, 1429, 1431, 1434)
c(1422, 1423, 1428, 1431, 1432, 1433)
1427
c(252, 255, 1418, 1424, 1426, 1434, 1435)
c(1424, 1425, 1431, 1432, 1433, 1434)
c(1424, 1430, 1431)
c(1429, 1431, 1432)
c(1423, 1424, 1425, 1428, 1429, 1430, 1432)
c(1423, 1425, 1428, 1431, 1430)
c(1418, 1419, 1422, 1425, 1428, 1434, 1435)
c(1424, 1427, 1428, 1433, 1435)
c(1418, 1427, 1433, 1434)
c(328, 329, 1437, 1442)
c(322, 323, 324, 325, 329, 1436, 1441, 1442)
c(196, 473, 727, 1439, 1441)
c(322, 727, 734, 1209, 1210, 1211, 1438, 1441)
c(196, 323, 326, 327, 1204, 1441)
c(196, 322, 323, 1437, 1438, 1439, 1440)
c(325, 328, 575, 1436, 1437)
c(641, 650, 1444)
c(641, 648, 650, 1038, 1040, 1443, 1446)
c(1039, 1040, 1055, 1173, 1174, 1446)
c(650, 728, 730, 737, 778, 1040, 1050, 1054, 1055, 1057, 1444, 1445)
c(336, 536, 543, 1448)
c(536, 541, 542, 543, 545, 1447)
c(528, 529, 530, 544, 552, 1450, 1451)
c(547, 549, 552, 925, 937, 1449, 1451)
c(212, 528, 936, 937, 1449, 1450, 1495, 1496)
c(256, 1453, 1454, 1457, 1499)
c(1452, 1454, 1455, 1456, 1499, 1501)
c(256, 1388, 1452, 1453, 1456)
c(1301, 1383, 1453, 1456, 1501, 1502, 1760)
c(1383, 1388, 1453, 1454, 1455)
c(1452, 1461, 1497, 1499)
c(1084, 1087, 1088, 1368, 1459, 1460, 1462)
c(1368, 1369, 1458, 1461, 1462)
c(1087, 1458, 1462, 1463, 1503)
c(1457, 1459, 1462, 1463, 1497)
c(1458, 1459, 1460, 1461, 1463)
c(1460, 1461, 1462, 1497, 1498, 1503)
c(100, 769, 943, 1467)
c(99, 1467, 1469, 1470, 1471)
c(102, 773, 819, 1467, 1470)
c(99, 100, 769, 819, 1464, 1465, 1466, 1470)
c(53, 54, 98, 99, 425, 1095, 1469, 1470, 1471)
c(99, 1465, 1468, 1471)
c(54, 102, 1290, 1465, 1466, 1467, 1468, 1471)
c(1465, 1468, 1469, 1470)
c(162, 427, 1474, 1484)
c(695, 697, 1097, 1098, 1474, 1479, 1483)
c(423, 427, 1097, 1472, 1473, 1483)
c(160, 162, 163, 1484, 1478)
c(159, 266, 1083, 1084, 1368, 1477)
c(159, 265, 266, 268, 426, 1476)
c(160, 1479, 1480, 1481, 1482, 1483, 1484, 1475)
c(695, 1340, 1473, 1478, 1480, 1481)
c(1478, 1479, 1481)
c(158, 159, 426, 698, 1340, 1478, 1479, 1480, 1482)
c(159, 160, 1478, 1481)
c(1473, 1474, 1478, 1484)
c(162, 1472, 1475, 1478, 1483)
c(197, 1486, 1487, 1493, 1494)
c(294, 311, 316, 334, 1485, 1487, 1494)
c(195, 197, 294, 997, 1485, 1486)
c(528, 1490, 1491, 1492, 1496)
c(210, 211, 319, 408, 409, 1490, 1495)
c(317, 319, 1488, 1489, 1491, 1495, 1496)
c(310, 313, 314, 317, 318, 1488, 1490, 1492, 1493, 1494)
c(313, 528, 529, 1488, 1491)
c(197, 317, 872, 1202, 1485, 1491, 1494)
c(310, 313, 1485, 1486, 1491, 1493)
c(210, 212, 1451, 1489, 1490, 1496)
c(528, 1451, 1488, 1490, 1495)
c(1457, 1461, 1463, 1498, 1499)
c(97, 1463, 1497, 1499, 1501, 1503)
c(1452, 1453, 1457, 1497, 1498, 1501)
c(1501, 1503)
c(97, 1453, 1455, 1498, 1499, 1500, 1502, 1503)
c(1089, 1455, 1501, 1503, 1760)
c(97, 1089, 1460, 1463, 1498, 1500, 1501, 1502)
c(676, 681, 1242, 1505)
c(192, 678, 681, 682, 1242, 1280, 1504)
c(663, 665, 670, 673, 1507, 1508)
c(663, 1506, 1508, 1509, 1514)
c(92, 665, 1186, 1188, 1189, 1507, 1509, 1514, 1506)
c(1507, 1508, 1514)
c(383, 384, 675, 1115, 1511, 1514)
c(79, 675, 683, 1114, 1115, 1510, 1512)
c(79, 679, 680, 683, 1511, 1513)
c(677, 678, 679, 681, 683, 1512)
c(92, 384, 663, 666, 675, 1507, 1508, 1509, 1510, 1515)
c(666, 667, 675, 1514)
c(503, 504, 890, 1517, 1521, 1524)
c(500, 503, 886, 1516, 1520, 1521, 1545)
c(362, 366, 891, 892, 1519, 1520, 1721, 1741, 1742, 1744)
c(501, 1518, 1520, 1528, 1530, 1721)
c(500, 501, 891, 1517, 1518, 1519, 1521, 1522)
c(889, 890, 1516, 1517, 1520, 1522)
c(502, 889, 891, 1520, 1521, 1523, 1527)
c(502, 889, 1522, 1525, 1527)
c(504, 890, 1516, 1525, 1527)
c(889, 890, 1523, 1524, 1527)
c(247, 891, 892, 1044, 1047, 1527, 1761)
c(167, 234, 502, 504, 891, 949, 1522, 1523, 1524, 1525, 1526, 1761)
c(1519, 1530, 1531, 1541, 1553, 1721, 1722)
c(1061, 1543, 1548, 1550)
c(500, 501, 1519, 1528, 1531)
c(500, 1528, 1530, 1534, 1535, 1536, 1538, 1539, 1541)
c(479, 486, 488, 1533, 1546, 1547)
c(479, 482, 486, 1532, 1539)
c(486, 1531, 1535, 1536)
c(488, 1531, 1534, 1536, 1537, 1543, 1545, 1549)
c(1531, 1534, 1535, 1537)
1535:1536
c(482, 483, 1531, 1539, 1541)
c(482, 486, 1531, 1533, 1538)
c(482, 483, 1541, 1551, 1552, 1553, 1556)
c(483, 1528, 1531, 1538, 1540, 1553)
c(479, 480, 481, 1551, 1552, 1558, 1612, 1615)
c(487, 1061, 1062, 1529, 1535, 1544, 1545, 1549, 1550)
c(487, 1415, 1543, 1545)
c(231, 233, 500, 886, 1517, 1535, 1543, 1544)
c(479, 1532, 1547, 1548, 1617)
c(488, 1532, 1546, 1548, 1549)
c(1061, 1103, 1529, 1546, 1547, 1550, 1617)
c(1535, 1543, 1547, 1550)
c(1529, 1543, 1548, 1549)
c(479, 1540, 1542, 1552)
c(1540, 1542, 1556, 1557, 1558, 1559, 1551)
c(598, 1528, 1540, 1541, 1554, 1555, 1556, 1693, 1715, 1722)
c(484, 485, 1553, 1555, 1556, 1559)
c(484, 1553, 1554, 1556, 1691, 1693)
c(1540, 1552, 1553, 1554, 1555)
c(1552, 1558, 1559)
c(480, 481, 1542, 1552, 1557, 1559)
c(480, 1552, 1554, 1557, 1558)
c(57, 854, 1567)
c(56, 62, 499, 1562, 1565)
c(55, 56, 1561, 1565)
c(64, 853, 860, 861, 862, 863, 864)
c(854, 1565, 1566)
c(55, 494, 499, 1165, 1166, 1561, 1562, 1564, 1566)
c(55, 853, 854, 859, 860, 1564, 1565, 1567)
c(57, 854, 859, 1560, 1566)
c(505, 592, 877, 1569)
c(506, 510, 592, 877, 1568, 1582, 1583)
c(514, 518, 875, 876, 1571, 1573)
c(518, 562, 955, 1570, 1573)
c(874, 875, 879, 1573, 1582, 1583)
c(559, 875, 879, 955, 1570, 1571, 1572)
c(506, 516, 517, 874, 1575, 1578, 1582)
c(506, 1574, 1578)
c(507, 510, 512, 877, 1577, 1580)
c(506, 509, 510, 511, 1576, 1580)
c(506, 517, 1574, 1575, 1579)
c(506, 509, 517, 874, 880, 1578)
c(508, 511, 512, 875, 878, 1576, 1577, 1581)
c(477, 514, 875, 876, 1580)
c(506, 874, 1569, 1572, 1574, 1583)
c(592, 879, 958, 1100, 1569, 1572, 1582)
c(604, 606, 1585, 1611, 1612, 1687, 1688, 1690)
c(762, 1584, 1611, 1612)
c(602, 635, 1587, 1588, 1603, 1605, 1606, 1611)
c(1586, 1588, 1604, 1605)
c(763, 1586, 1587, 1589, 1590, 1603, 1604)
c(763, 1588, 1590, 1608, 1618, 1621, 1622)
c(1588, 1589, 1593, 1603, 1618, 1619, 1620)
c(623, 1600, 1628, 1753, 1627)
c(293, 993, 1599, 1601, 1602)
c(1590, 1603, 1620, 1628, 1629)
c(290, 292, 904, 905, 994, 1003, 1598, 1623)
c(398, 577, 1596, 1624, 1626)
c(764, 1595, 1597, 1609, 1618, 1624, 1626)
c(1596, 1598, 1618, 1619, 1623, 1624)
c(290, 905, 1594, 1597, 1619, 1620, 1623)
c(993, 1592, 1601, 1620, 1627, 1629)
c(623, 1591, 1601, 1602, 1627)
c(1592, 1599, 1600, 1602, 1627)
c(293, 294, 330, 1262, 1592, 1600, 1601)
c(852, 1586, 1588, 1590, 1593, 1628)
c(763, 1587, 1588, 1605, 1606, 1610)
c(1586, 1587, 1604, 1606)
c(1586, 1604, 1605, 1610, 1611)
c(763, 1608, 1610, 1611, 1621, 1622)
c(1589, 1607, 1621)
c(764, 1596, 1616, 1626, 1622)
c(763, 1604, 1606, 1607, 1611)
c(602, 603, 762, 1584, 1585, 1586, 1606, 1607, 1610, 1622, 1690, 1699, 1754)
c(480, 606, 761, 762, 1542, 1584, 1585, 1613, 1614, 1615)
c(761, 1612, 1614)
c(761, 1612, 1613, 1615, 1616)
c(479, 1542, 1612, 1614, 1616, 1617)
c(760, 761, 1609, 1614, 1615, 1617, 1622, 1625, 1626)
c(1103, 1546, 1548, 1615, 1616, 1625)
c(764, 1589, 1590, 1596, 1597, 1619, 1622)
c(1590, 1597, 1598, 1618, 1620)
c(905, 1590, 1593, 1598, 1599, 1619, 1629)
c(1589, 1607, 1608, 1622)
c(760, 762, 764, 1589, 1607, 1611, 1616, 1618, 1621, 1609)
c(292, 577, 579, 1594, 1597, 1598, 1624)
c(577, 1595, 1596, 1597, 1623)
c(396, 1103, 1111, 1616, 1617, 1626)
c(398, 1111, 1595, 1596, 1609, 1616, 1625)
c(1599, 1600, 1601, 1628, 1629, 1591)
c(852, 1591, 1593, 1603, 1627, 1629, 1753)
c(1593, 1599, 1620, 1627, 1628)
c(826, 827, 843, 1631, 1640, 1641)
c(826, 843, 1630, 1649, 1653)
c(827, 828, 834, 836, 837, 1638)
c(821, 822, 1643, 1653)
c(56, 62, 853, 863, 865, 1635, 1636)
c(62, 838, 1053, 1634, 1647, 1636)
c(831, 832, 839, 840, 865, 1634, 1648, 1635)
c(830, 834, 1638, 1651, 1652)
c(825, 834, 837, 1637, 1651, 1632)
c(1640, 1644, 1646)
c(827, 834, 1630, 1639, 1641, 1644, 1646)
c(843, 1630, 1640, 1645, 1646)
c(826, 829, 833, 1643, 1649)
c(821, 833, 1633, 1642, 1650, 1653)
c(824, 830, 834, 835, 1639, 1640, 1645, 1647, 1648, 1646)
c(835, 843, 1641, 1644, 1657, 1658, 1646)
c(1639, 1640, 1641, 1644, 1645)
c(835, 838, 1635, 1644, 1657, 1648)
c(824, 831, 832, 1636, 1644, 1647)
c(826, 1631, 1642, 1650, 1653)
c(1643, 1649, 1653)
c(825, 830, 833, 1637, 1638, 1652, 1655, 1656)
c(830, 1637, 1651)
c(820, 822, 843, 1631, 1643, 1649, 1650, 1654, 1633)
c(653, 820, 822, 823, 1653)
c(824, 830, 832, 1651, 1656)
c(832, 840, 841, 842, 1651, 1655)
c(776, 835, 838, 1051, 1052, 1645, 1647, 1658)
c(776, 820, 843, 1358, 1645, 1657)
c(109, 111, 744, 758, 1144, 1660, 1661)
c(109, 110, 743, 1659, 1661, 1662)
c(758, 1659, 1660, 1662, 1663)
c(742, 1660, 1661, 1663)
c(741, 742, 758, 1661, 1662, 1665)
c(739, 758, 1672, 1679)
c(741, 758, 1663, 1673, 1679)
c(272, 753, 754, 757, 1667)
c(748, 750, 754, 756, 757, 1666, 1672)
c(745, 747, 752, 755, 1669)
c(748, 752, 1668, 1677)
c(1671, 1672, 1679)
c(746, 750, 1670, 1672, 1674, 1675, 1679)
c(749, 750, 1664, 1667, 1670, 1671)
c(741, 1665, 1674, 1676, 1679)
c(1671, 1673, 1675, 1679, 1676)
c(745, 746, 1671, 1674, 1676)
c(745, 1673, 1675, 1674)
c(748, 751, 752, 756, 1669, 1678)
c(747, 751, 756, 1677)
c(758, 1664, 1665, 1670, 1671, 1673, 1674)
c(140, 146, 844, 847, 1683, 1684)
c(143, 145, 149, 1682)
c(140, 142, 144, 145, 845, 1681)
c(148, 776, 847, 1360, 1367, 1680, 1684)
c(140, 141, 147, 148, 845, 846, 1680, 1683)
c(143, 152, 848, 1686)
c(140, 143, 145, 146, 150, 151, 848, 1685)
c(600, 606, 608, 1584, 1688, 1689)
c(604, 1584, 1687, 1689)
c(599, 600, 604, 1687, 1688)
c(601, 603, 604, 1584, 1611, 1754)
c(484, 599, 600, 1555, 1692, 1693)
c(598, 599, 621, 640, 1691, 1693)
c(598, 1553, 1555, 1691, 1692)
c(1697, 1705, 1755)
c(598, 609, 849, 1696, 1697)
c(849, 1695, 1697, 1755)
c(1694, 1695, 1696, 1705, 1706, 1755)
c(602, 610, 1699, 1701)
c(602, 603, 610, 1611, 1698)
c(625, 628, 1701, 1702)
c(602, 628, 850, 1698, 1700, 1702)
c(622, 625, 849, 1700, 1701, 1756)
c(622, 624, 625, 1704, 1705, 1713)
c(622, 1703, 1705, 1755, 1756)
c(624, 630, 851, 1694, 1697, 1703, 1704, 1706, 1727, 1728, 1737, 1755)
c(598, 1697, 1705, 1715, 1728, 1730)
c(633, 638, 639, 1708, 1709, 1711, 1740)
c(1707, 1709, 1710, 1711)
c(1707, 1708, 1710, 1740)
c(1708, 1709, 1711, 1739, 1740, 1749)
c(627, 629, 638, 1707, 1708, 1710, 1712, 1733, 1735, 1736, 1749)
c(629, 634, 635, 637, 638, 1711, 1713, 1714)
c(602, 624, 625, 628, 632, 635, 637, 1703, 1712, 1714)
1712:1713
c(598, 1553, 1706, 1722, 1730, 1743)
c(1261, 1719, 1746, 1747)
c(1735, 1746, 1748, 1757, 1758)
c(623, 1261, 1747, 1753)
c(340, 1261, 1716, 1720, 1746)
c(340, 687, 1719, 1745, 1746)
c(1518, 1519, 1528, 1722, 1741, 1743)
c(1528, 1553, 1715, 1721, 1743)
c(626, 1731, 1757, 1758, 1729)
c(626, 1731, 1734, 1725)
c(1726, 1731, 1724)
c(1725, 1727, 1730, 1731, 1734)
c(851, 1705, 1726, 1728, 1730, 1732, 1734)
c(1705, 1706, 1727, 1730, 1732)
c(1731, 1742, 1757, 1723)
c(1706, 1715, 1726, 1727, 1728, 1731, 1732, 1743, 1742)
c(626, 1723, 1724, 1725, 1726, 1729, 1730, 1742)
c(851, 1727, 1728, 1730, 1734)
c(626, 627, 1711, 1734, 1735)
c(626, 627, 851, 1724, 1726, 1727, 1732, 1733, 1738)
c(626, 1711, 1717, 1733, 1736, 1748, 1749, 1758)
c(1711, 1735, 1749)
c(627, 630, 851, 1705, 1738)
c(627, 851, 1734, 1737)
c(852, 1710, 1740, 1749, 1750)
c(639, 852, 1707, 1709, 1710, 1739)
c(1518, 1721, 1742, 1743)
c(1518, 1729, 1741, 1743, 1744, 1757, 1730, 1731)
c(1715, 1721, 1722, 1730, 1741, 1742)
c(360, 362, 372, 1518, 1742, 1745, 1746, 1757)
c(375, 687, 1720, 1744, 1746)
c(1716, 1717, 1719, 1720, 1744, 1745, 1747, 1748, 1757)
c(1261, 1716, 1718, 1746, 1748, 1753)
c(1717, 1735, 1746, 1747, 1751, 1753, 1749, 1752)
c(1710, 1711, 1735, 1736, 1739, 1750, 1752, 1748)
c(852, 1739, 1749, 1752)
c(1748, 1752, 1753)
c(1749, 1750, 1751, 1753, 1748)
c(623, 852, 1591, 1628, 1718, 1747, 1748, 1751, 1752)
c(603, 1611, 1690)
c(849, 1694, 1696, 1697, 1704, 1705, 1756)
c(622, 849, 1702, 1704, 1755)
c(1717, 1723, 1729, 1742, 1744, 1746, 1758)
c(626, 1717, 1723, 1735, 1757)
c(241, 244, 547, 549, 925, 931)
c(1089, 1300, 1301, 1455, 1502)
c(167, 250, 946, 949, 1047, 1049, 1526, 1527)
c(341, 573, 574, 1019, 1218, 1219)
c(1212, 1216, 1217, 1229, 1230, 1235, 1238)
